ANTIRIM — progress/records/rim1
  night        off 1280x720x4  screenoff 1280x720x4  raw 1280x720x4
  sly-profile  off 1280x720x4  screenoff 1280x720x4  raw 1280x720x4
  hero         off 1280x720x4  screenoff 1280x720x4  raw 1280x720x4

TRANSCRIPTION SELF-CHECK — must equal rim-offline.mjs §3 column-for-column
  display L      +k=0.02   +k=0.05   +k=0.10
          3.5      +8.1     +16.4     +26.2
          6.4      +7.1     +14.7     +24.3
         10.4      +6.2     +12.8     +21.6
         16.8      +4.3     +10.1     +17.4
         27.8      +3.0      +6.9     +12.5
         39.1      +2.0      +4.6      +8.4
         52.8      +0.8      +2.3      +4.4
         66.2      +0.4      +1.2      +2.3
         78.2      +0.4      +0.4      +1.1


§A  THE LANDMARK — i0 (argmin L in ±6) per arm, in ray index and in frame pixels
    A moving i0 means the three arms are not measuring the same 5 px.

  edge                         face     i0 off / scr / raw     px off      px scr      px raw    inkL off  scr   raw   rimAt o/s/r
  hero/cap-top                KEY      20 / 20 / 20      (410,186)  (410,186)  (410,186)     6.3   5.6   0.8      -4/-5/-2
  hero/muzzle-front           KEY      16 / 18 / 18      (384,215)  (382,215)  (382,215)    10.4   5.9   0.8      -5/-5/-5
  hero/chest-front            KEY      24 / 24 / 24      (379,260)  (379,260)  (379,260)     7.8   7.0   0.8      -4/-5/-2
  hero/torso-back             SHADOW   25 / 25 / 25      (424,260)  (424,260)  (424,260)     6.4   6.4   0.6      -5/-5/-2
  hero/tail-top               KEY      24 / 22 / 19      (505,240)  (505,242)  (505,245)    12.0  21.6   9.5      -1/-2/-3
  hero/tail-right             SHADOW   25 / 25 / 26      (537,300)  (537,300)  (538,300)     8.7   7.6   0.6      -3/-5/-3
  hero/glove-left             KEY      21 / 20 / 20      (319,320)  (320,320)  (320,320)     5.5   4.5   0.8      -4/-3/-1
  hero/glove-right            SHADOW   22 / 22 / 22      (360,320)  (360,320)  (360,320)     6.0   6.0   0.6      -4/-5/-1
  sly-profile/cap-top         KEY      23 / 23 / 23      (665,105)  (665,105)  (665,105)     8.6   4.3   0.8      -3/-4/-1
  sly-profile/cap-front       KEY      25 / 24 / 24      (644,125)  (645,125)  (645,125)     6.3   5.1   0.8      -5/-5/-1
  sly-profile/cap-back        SHADOW   24 / 24 / 24      (700,130)  (700,130)  (700,130)     6.6   6.3   0.6      -4/-5/-2
  sly-profile/muzzle-front    KEY      20 / 21 / 20      (614,175)  (613,175)  (614,175)     5.9   7.5   0.4      -5/-5/-5
  sly-profile/torso-front     KEY      24 / 24 / 24      (600,270)  (600,270)  (600,270)     8.1   6.2   0.8      -4/-4/-1
  sly-profile/torso-back      SHADOW   25 / 25 / 25      (687,270)  (687,270)  (687,270)    10.6   6.4   0.6      -3/-4/-1
  sly-profile/tail-top        KEY      23 / 23 / 23      (790,335)  (790,335)  (790,335)    10.5  10.0   0.8      -3/-2/-1
  sly-profile/tail-right      SHADOW   25 / 26 / 25      (875,390)  (876,390)  (875,390)     8.6   4.2   0.6      -5/-5/-5
  night/cap-top               KEY      25 / 25 / 21      (747,387)  (747,387)  (747,391)     5.0   5.0   0.2      -3/-3/-5
  night/head-front            KEY      19 / 19 / 19      (734,404)  (734,404)  (734,404)     7.5   7.5   0.3      -4/-4/-4
  night/glove-top             KEY      16 / 16 / 15      (773,427)  (773,427)  (773,428)     4.4   4.4   0.3      -5/-5/-2
  night/glove-right           SHADOW   14 / 14 / 14      (782,440)  (782,440)  (782,440)     4.0   4.0   0.1      -4/-4/-2
  night/torso-right           SHADOW   18*/ 18*/ 18*     (766,418)  (766,418)  (766,418)     5.9   5.9   0.4      -5/-5/-5
  * = PINNED (instrument-invalid on that arm)


§B  THE SUMMARY STATISTIC PER EDGE — spike, by arm. RESULT-rim quotes only the means.
    raw is a LINEAR-domain statistic (bytes are the undecoded scene target).

  edge                         face   spike off  spike scr   PathB=o−s   spike raw   BODY off  BODY scr  BODY raw
  hero/cap-top                KEY         27.04      22.25        4.79       31.97      14.63     14.63      2.10
  hero/muzzle-front           KEY         -0.74      -8.47        7.73       -6.57      41.28     40.92     15.08
  hero/chest-front            KEY         28.46      20.56        7.90       68.52      37.25     37.25      8.29
  hero/torso-back             SHADOW       1.31       1.31        0.00       13.64      30.48     30.48      5.48
  hero/tail-top               KEY         27.13       3.99       23.15        1.55      30.93     30.55      8.17
  hero/tail-right             SHADOW      -0.61      -3.98        3.37       -1.13      35.45     35.45      8.52
  hero/glove-left             KEY          6.23      -5.89       12.11       12.04      33.53     33.57      8.05
  hero/glove-right            SHADOW      10.21      -0.35       10.56       13.69      33.46     33.46      6.66
  sly-profile/cap-top         KEY          6.08       0.28        5.80       14.95      34.82     34.82      7.22
  sly-profile/cap-front       KEY          5.51      -3.11        8.62       26.21      36.19     35.64      9.48
  sly-profile/cap-back        SHADOW      -6.25     -10.27        4.03       13.41      34.71     34.71      7.19
  sly-profile/muzzle-front    KEY         -5.02      -6.13        1.10       -3.80      48.38     48.28     17.71
  sly-profile/torso-front     KEY         30.03      32.56       -2.52       76.85      35.28     35.28      7.42
  sly-profile/torso-back      SHADOW       1.06       0.31        0.75       13.89      32.69     32.69      6.29
  sly-profile/tail-top        KEY         28.71       8.64       20.07       17.08      26.61     26.61      5.40
  sly-profile/tail-right      SHADOW      -3.41     -12.04        8.62       -0.84      29.51     29.46      6.61
  night/cap-top               KEY          3.38      -2.80        6.18       -0.06      11.38     10.90      0.98
  night/head-front            KEY         13.70      10.45        3.25        9.18      10.11      9.98      0.78
  night/glove-top             KEY          0.80       0.80        0.00        0.70       8.31      8.31      0.87
  night/glove-right           SHADOW       1.27       1.50       -0.22        9.41       9.01      8.79      0.91

  SHADOW7  mean spike   off    0.51   screenoff   -3.36   PathB    3.87   raw    8.87   (n=7)
  KEY5     mean spike   off   28.27   screenoff   17.60   PathB   10.67   raw   39.19   (n=5)


§C  PER-PIXEL PROFILES, indexed on i0(off). The 5 px the RIM statistic maximises over
    are offsets −5..−1. dL is L − BODY(that arm): negative = darker than the body.

  ===== the 7 SHADOW edges =====

  ── hero/torso-back   [SHADOW]   i0 off 25 / scr 25 / raw 25   BODY off  30.5 scr  30.5 raw   5.5
     off  px        L_off   dL_off |    L_scr   dL_scr |    L_raw   dL_raw |  PathB  |  screenoff rgb   raw rgb
     -9    (415,260)     29.92    -0.56 |   29.92    -0.56 |    5.48     0.00 |   0.00  |  (27,83,155)     (6,13,47)
     -8    (416,260)     31.71     1.23 |   31.71     1.23 |    5.62     0.14 |   0.00  |  (35,87,155)     (7,13,49)
     -7    (417,260)     33.75     3.27 |   33.75     3.27 |    8.73     3.25 |   0.00  |  (45,92,148)     (10,22,61)
     -6    (418,260)     36.91     6.43 |   36.91     6.43 |    9.52     4.04 |   0.00  |  (49,101,159)    (10,24,69)
     -5 ** (419,260)     31.79     1.31 |   31.79     1.31 |    6.52     1.04 |   0.00  |  (35,87,158)     (7,15,61)
     -4 ** (420,260)     25.53    -4.95 |   24.56    -5.93 |    2.58    -2.89 |   0.97  |  (26,67,127)     (4,6,20)
     -3 ** (421,260)     26.61    -3.87 |   22.86    -7.62 |   12.02     6.54 |   3.75  |  (35,61,100)     (12,31,82)
     -2 ** (422,260)     10.98   -19.50 |   10.53   -19.95 |   19.12    13.64 |   0.45  |  (29,26,29)      (19,51,114)
     -1 ** (423,260)      9.94   -20.54 |    9.53   -20.95 |   15.83    10.35 |   0.42  |  (25,23,35)      (16,43,86)
      0 i0 (424,260)      6.37   -24.11 |    6.37   -24.11 |    0.56    -4.92 |   0.00  |  (15,14,42)      (2,1,4)
      1    (425,260)     13.90   -16.58 |   13.93   -16.55 |    2.47    -3.01 |  -0.03  |  (32,34,61)      (6,6,10)
      2    (426,260)     18.33   -12.15 |   18.33   -12.15 |    2.86    -2.62 |   0.00  |  (39,46,77)      (7,7,11)
      3    (427,260)     17.83   -12.65 |   17.83   -12.65 |    2.75    -2.73 |   0.00  |  (37,45,75)      (6,7,10)
      4    (428,260)     18.39   -12.09 |   18.39   -12.09 |    2.75    -2.73 |   0.00  |  (37,47,75)      (6,7,10)
      5    (429,260)     18.78   -11.70 |   18.78   -11.70 |    3.14    -2.34 |   0.00  |  (38,48,76)      (7,8,11)

  ── hero/tail-right   [SHADOW]   i0 off 25 / scr 25 / raw 26   BODY off  35.4 scr  35.4 raw   8.5
     off  px        L_off   dL_off |    L_scr   dL_scr |    L_raw   dL_raw |  PathB  |  screenoff rgb   raw rgb
     -9    (528,300)     32.06    -3.39 |   32.06    -3.39 |    7.42    -1.11 |   0.00  |  (96,78,77)      (23,18,16)
     -8    (529,300)     32.09    -3.36 |   32.09    -3.36 |    7.50    -1.02 |   0.00  |  (96,78,78)      (24,18,16)
     -7    (530,300)     32.09    -3.36 |   32.09    -3.36 |    7.39    -1.13 |   0.00  |  (94,79,74)      (23,18,15)
     -6    (531,300)     31.73    -3.72 |   31.73    -3.72 |    7.14    -1.39 |   0.00  |  (95,77,78)      (23,17,16)
     -5 ** (532,300)     32.20    -3.25 |   31.47    -3.98 |    7.39    -1.13 |   0.73  |  (93,77,75)      (23,18,15)
     -4 ** (533,300)     33.66    -1.79 |   30.86    -4.59 |    7.03    -1.50 |   2.81  |  (92,75,76)      (22,17,15)
     -3 ** (534,300)     34.84    -0.61 |   27.95    -7.50 |    7.03    -1.50 |   6.90  |  (83,68,69)      (22,17,15)
     -2 ** (535,300)     19.35   -16.09 |   15.07   -20.38 |    7.39    -1.13 |   4.29  |  (45,36,43)      (23,18,15)
     -1 ** (536,300)     10.47   -24.98 |    9.41   -26.04 |    6.52    -2.00 |   1.06  |  (28,22,32)      (20,16,13)
      0 i0 (537,300)      8.68   -26.77 |    7.65   -27.80 |    4.65    -3.88 |   1.03  |  (23,17,34)      (15,11,11)
      1    (538,300)     13.31   -22.14 |   13.03   -22.42 |    0.56    -7.96 |   0.28  |  (33,31,56)      (2,1,4)
      2    (539,300)     31.69    -3.75 |   31.69    -3.75 |   42.81    34.28 |   0.00  |  (97,77,71)      (81,113,154)
      3    (540,300)     69.92    34.47 |   69.92    34.47 |   69.47    60.94 |   0.00  |  (175,179,181)   (129,184,251)
      4    (541,300)     72.16    36.71 |   72.16    36.71 |   76.59    68.07 |   0.00  |  (179,185,189)   (129,209,255)
      5    (542,300)     67.78    32.33 |   67.78    32.33 |   54.65    46.12 |   0.00  |  (179,171,173)   (123,140,181)

  ── hero/glove-right   [SHADOW]   i0 off 22 / scr 22 / raw 22   BODY off  33.5 scr  33.5 raw   6.7
     off  px        L_off   dL_off |    L_scr   dL_scr |    L_raw   dL_raw |  PathB  |  screenoff rgb   raw rgb
     -9    (351,320)     33.39    -0.07 |   33.39    -0.07 |    6.66     0.00 |   0.00  |  (37,91,169)     (7,15,66)
     -8    (352,320)     33.31    -0.15 |   33.31    -0.15 |    6.66     0.00 |   0.00  |  (36,91,169)     (7,15,66)
     -7    (353,320)     33.31    -0.15 |   33.31    -0.15 |    6.66     0.00 |   0.00  |  (36,91,169)     (7,15,66)
     -6    (354,320)     36.95     3.49 |   33.31    -0.15 |    6.66     0.00 |   3.64  |  (39,90,170)     (7,15,66)
     -5 ** (355,320)     39.16     5.70 |   33.11    -0.35 |    6.66     0.00 |   6.05  |  (37,90,169)     (7,15,66)
     -4 ** (356,320)     43.67    10.21 |   32.92    -0.55 |    6.66     0.00 |  10.76  |  (38,89,169)     (7,15,66)
     -3 ** (357,320)     38.70     5.24 |   28.25    -5.21 |    6.60    -0.06 |  10.45  |  (35,76,142)     (7,15,64)
     -2 ** (358,320)     16.73   -16.73 |   13.76   -19.70 |    6.57    -0.08 |   2.97  |  (28,35,57)      (7,15,63)
     -1 ** (359,320)      8.40   -25.06 |    7.79   -25.67 |   20.35    13.69 |   0.62  |  (22,18,32)      (20,56,105)
      0 i0 (360,320)      5.98   -27.49 |    5.98   -27.49 |    0.56    -6.10 |   0.00  |  (13,13,44)      (2,1,4)
      1    (361,320)     12.25   -21.21 |   12.25   -21.21 |    2.35    -4.30 |   0.00  |  (26,30,59)      (5,6,9)
      2    (362,320)     18.34   -15.13 |   18.34   -15.13 |    3.06    -3.60 |   0.00  |  (36,47,76)      (6,8,11)
      3    (363,320)     19.43   -14.03 |   19.43   -14.03 |    3.17    -3.49 |   0.00  |  (38,50,79)      (7,8,12)
      4    (364,320)     19.63   -13.84 |   19.63   -13.84 |    3.45    -3.21 |   0.00  |  (37,51,79)      (7,9,12)
      5    (365,320)     19.71   -13.75 |   19.71   -13.75 |    3.17    -3.49 |   0.00  |  (38,51,79)      (7,8,12)

  ── sly-profile/cap-back   [SHADOW]   i0 off 24 / scr 24 / raw 24   BODY off  34.7 scr  34.7 raw   7.2
     off  px        L_off   dL_off |    L_scr   dL_scr |    L_raw   dL_raw |  PathB  |  screenoff rgb   raw rgb
     -9    (691,130)     22.25   -12.46 |   22.25   -12.46 |    3.06    -4.13 |   0.00  |  (9,62,145)      (4,6,37)
     -8    (692,130)     21.63   -13.08 |   21.63   -13.08 |    2.84    -4.35 |   0.00  |  (8,60,146)      (3,6,32)
     -7    (693,130)     21.49   -13.21 |   21.49   -13.21 |    3.06    -4.13 |   0.00  |  (3,61,146)      (4,6,37)
     -6    (694,130)     23.20   -11.50 |   23.31   -11.39 |    3.74    -3.45 |  -0.11  |  (6,66,152)      (4,8,41)
     -5 ** (695,130)     27.46    -7.25 |   24.43   -10.27 |    3.79    -3.40 |   3.02  |  (12,68,154)     (4,8,43)
     -4 ** (696,130)     28.46    -6.25 |   23.17   -11.54 |    3.93    -3.26 |   5.29  |  (14,64,143)     (5,8,45)
     -3 ** (697,130)     19.02   -15.68 |   16.98   -17.73 |    3.96    -3.23 |   2.04  |  (17,46,94)      (5,8,46)
     -2 ** (698,130)     11.60   -23.11 |   10.37   -24.34 |   20.60    13.41 |   1.23  |  (26,26,32)      (19,56,117)
     -1 ** (699,130)      9.94   -24.76 |    9.47   -25.24 |   19.22    12.03 |   0.48  |  (27,23,27)      (19,53,98)
      0 i0 (700,130)      6.62   -28.09 |    6.25   -28.45 |    0.56    -6.63 |   0.36  |  (16,14,35)      (2,1,4)
      1    (701,130)     31.24    -3.47 |   30.87    -3.83 |   12.95     5.76 |   0.36  |  (99,75,56)      (53,29,14)
      2    (702,130)     49.65    14.94 |   49.65    14.94 |   25.28    18.09 |   0.00  |  (164,121,72)    (104,57,22)
      3    (703,130)     53.87    19.17 |   53.87    19.17 |   25.03    17.84 |   0.00  |  (179,131,78)    (104,56,23)
      4    (704,130)     54.13    19.42 |   54.13    19.42 |   25.28    18.09 |   0.00  |  (179,132,77)    (104,57,22)
      5    (705,130)     54.10    19.39 |   54.10    19.39 |   25.20    18.00 |   0.00  |  (179,132,76)    (103,57,22)

  ── sly-profile/torso-back   [SHADOW]   i0 off 25 / scr 25 / raw 25   BODY off  32.7 scr  32.7 raw   6.3
     off  px        L_off   dL_off |    L_scr   dL_scr |    L_raw   dL_raw |  PathB  |  screenoff rgb   raw rgb
     -9    (678,270)     31.91    -0.78 |   31.91    -0.78 |    6.10    -0.20 |   0.00  |  (34,87,165)     (6,14,59)
     -8    (679,270)     30.84    -1.85 |   30.84    -1.85 |    5.59    -0.70 |   0.00  |  (33,84,160)     (6,13,51)
     -7    (680,270)     25.01    -7.68 |   25.01    -7.68 |    3.45    -2.84 |   0.00  |  (19,69,144)     (4,8,31)
     -6    (681,270)     31.74    -0.95 |   31.74    -0.95 |    6.27    -0.03 |   0.00  |  (35,86,166)     (7,14,62)
     -5 ** (682,270)     32.80     0.11 |   32.80     0.11 |    6.32     0.03 |   0.00  |  (37,89,168)     (7,14,64)
     -4 ** (683,270)     33.11     0.42 |   33.00     0.31 |    6.63     0.34 |   0.11  |  (36,90,168)     (7,15,65)
     -3 ** (684,270)     33.75     1.06 |   30.84    -1.85 |    6.91     0.62 |   2.91  |  (38,83,155)     (7,16,65)
     -2 ** (685,270)     15.98   -16.71 |   14.13   -18.56 |    7.89     1.60 |   1.85  |  (29,36,57)      (8,19,67)
     -1 ** (686,270)     13.11   -19.58 |   11.60   -21.09 |   20.18    13.89 |   1.51  |  (29,29,37)      (20,54,119)
      0 i0 (687,270)     10.56   -22.13 |    6.36   -26.32 |    0.56    -5.73 |   4.19  |  (16,14,39)      (2,1,4)
      1    (688,270)     22.09   -10.60 |   21.28   -11.41 |   20.13    13.84 |   0.81  |  (63,52,51)      (57,50,48)
      2    (689,270)     51.90    19.21 |   51.90    19.21 |   31.32    25.03 |   0.00  |  (158,128,100)   (104,75,57)
      3    (690,270)     55.27    22.58 |   51.13    18.44 |   22.87    16.58 |   4.14  |  (172,124,71)    (96,51,20)
      4    (691,270)     59.66    26.97 |   51.94    19.25 |   22.87    16.58 |   7.72  |  (175,126,71)    (96,51,20)
      5    (692,270)     57.72    25.03 |   51.88    19.19 |   22.76    16.47 |   5.84  |  (175,126,69)    (95,51,19)

  ── sly-profile/tail-right   [SHADOW]   i0 off 25 / scr 26 / raw 25   BODY off  29.5 scr  29.5 raw   6.6
     off  px        L_off   dL_off |    L_scr   dL_scr |    L_raw   dL_raw |  PathB  |  screenoff rgb   raw rgb
     -9    (866,390)     29.04    -0.48 |   29.04    -0.42 |    6.24    -0.36 |   0.00  |  (85,71,72)      (20,15,13)
     -8    (867,390)     28.67    -0.84 |   28.67    -0.78 |    5.96    -0.64 |   0.00  |  (84,70,72)      (20,14,13)
     -7    (868,390)     28.17    -1.34 |   28.17    -1.29 |    5.77    -0.84 |   0.00  |  (82,69,70)      (18,14,12)
     -6    (869,390)     27.61    -1.90 |   27.61    -1.85 |    5.74    -0.87 |   0.00  |  (79,68,69)      (18,14,11)
     -5 ** (870,390)     26.10    -3.41 |   26.10    -3.36 |    5.77    -0.84 |   0.00  |  (75,64,67)      (18,14,12)
     -4 ** (871,390)     17.42   -12.09 |   17.42   -12.04 |    5.40    -1.20 |   0.00  |  (50,42,52)      (17,13,12)
     -3 ** (872,390)     16.22   -13.30 |   16.22   -13.24 |    5.26    -1.34 |   0.00  |  (46,39,51)      (16,13,10)
     -2 ** (873,390)     14.99   -14.53 |   16.19   -13.27 |    4.98    -1.62 |  -1.20  |  (46,39,50)      (16,12,10)
     -1 ** (874,390)     15.69   -13.83 |   13.03   -16.43 |    4.01    -2.60 |   2.66  |  (36,31,47)      (10,10,13)
      0 i0 (875,390)      8.60   -20.91 |    5.27   -24.19 |    0.56    -6.05 |   3.33  |  (13,11,39)      (2,1,4)
      1    (876,390)      9.86   -19.66 |    4.18   -25.28 |    0.56    -6.05 |   5.68  |  (10,8,39)       (2,1,4)
      2    (877,390)      9.33   -20.19 |    8.04   -21.42 |    9.90     3.30 |   1.29  |  (24,18,35)      (37,23,13)
      3    (878,390)     28.41    -1.10 |   28.41    -1.05 |   18.29    11.69 |   0.00  |  (94,68,53)      (71,42,21)
      4    (879,390)     48.37    18.85 |   48.37    18.91 |   18.88    12.28 |   0.00  |  (157,118,77)    (71,44,22)
      5    (880,390)     48.25    18.74 |   48.25    18.79 |   18.49    11.88 |   0.00  |  (157,118,73)    (70,43,21)

  ── night/glove-right   [SHADOW]   i0 off 14 / scr 14 / raw 14   BODY off   9.0 scr   8.8 raw   0.9
     off  px        L_off   dL_off |    L_scr   dL_scr |    L_raw   dL_raw |  PathB  |  screenoff rgb   raw rgb
     -9    (773,440)      8.15    -0.86 |    8.15    -0.63 |    0.79    -0.13 |   0.00  |  (0,22,70)       (0,2,8)
     -8    (774,440)      9.89     0.88 |    9.89     1.10 |    0.84    -0.07 |   0.00  |  (7,26,71)       (1,2,7)
     -7    (775,440)     22.58    13.57 |   22.58    13.80 |   11.39    10.48 |   0.00  |  (28,62,101)     (12,32,50)
     -6    (776,440)     12.24     3.23 |   12.24     3.45 |    0.79    -0.13 |   0.00  |  (15,32,71)      (1,2,5)
     -5 ** (777,440)      7.95    -1.06 |    7.95    -0.83 |    0.59    -0.32 |   0.00  |  (5,20,68)       (1,1,8)
     -4 ** (778,440)     10.28     1.27 |   10.28     1.50 |    0.93     0.01 |   0.00  |  (6,27,78)       (1,2,10)
     -3 ** (779,440)     10.08     1.07 |   10.08     1.29 |    0.93     0.01 |   0.00  |  (11,26,66)      (2,2,7)
     -2 ** (780,440)      7.74    -1.27 |    7.74    -1.05 |   10.32     9.41 |   0.00  |  (19,18,39)      (11,29,45)
     -1 ** (781,440)      5.80    -3.21 |    5.80    -2.98 |    0.84    -0.07 |   0.00  |  (17,12,36)      (3,2,1)
      0 i0 (782,440)      3.96    -5.05 |    3.96    -4.83 |    0.14    -0.77 |   0.00  |  (8,8,37)        (1,0,2)
      1    (783,440)      6.79    -2.22 |    6.79    -1.99 |    0.31    -0.60 |   0.00  |  (10,17,42)      (0,1,1)
      2    (784,440)     13.17     4.16 |   13.45     4.67 |   15.04    14.13 |  -0.28  |  (29,35,43)      (14,43,64)
      3    (785,440)     13.46     4.45 |    9.82     1.04 |    1.74     0.83 |   3.63  |  (7,28,49)       (2,5,6)
      4    (786,440)     16.10     7.09 |   11.28     2.50 |    1.74     0.83 |   4.82  |  (6,33,54)       (2,5,6)
      5    (787,440)     15.74     6.73 |   12.69     3.90 |    1.66     0.74 |   3.05  |  (4,38,60)       (1,5,6)

  ===== the 5 KEY5 edges, as the control =====

  ── hero/cap-top   [KEY]   i0 off 20 / scr 20 / raw 20   BODY off  14.6 scr  14.6 raw   2.1
     off  px        L_off   dL_off |    L_scr   dL_scr |    L_raw   dL_raw |  PathB  |  screenoff rgb   raw rgb
     -9    (410,195)     15.91     1.27 |   15.91     1.27 |    2.42     0.31 |   0.00  |  (0,45,116)      (3,5,27)
     -8    (410,194)     18.21     3.57 |   18.21     3.57 |    2.75     0.65 |   0.00  |  (0,52,128)      (3,6,29)
     -7    (410,193)     19.64     5.00 |   19.64     5.00 |    2.36     0.26 |   0.00  |  (2,56,133)      (2,5,28)
     -6    (410,192)     27.50    12.87 |   25.07    10.43 |    6.63     4.52 |   2.44  |  (22,69,137)     (7,16,55)
     -5 ** (410,191)     38.00    23.37 |   36.88    22.25 |   10.64     8.54 |   1.12  |  (52,100,159)    (11,27,76)
     -4 ** (410,190)     41.67    27.04 |   36.40    21.77 |    9.16     7.05 |   5.27  |  (56,97,160)     (10,22,76)
     -3 ** (410,189)     29.84    15.20 |   35.08    20.45 |    7.53     5.43 |  -5.24  |  (57,94,140)     (8,17,74)
     -2 ** (410,188)     27.39    12.75 |   23.55     8.91 |   34.07    31.97 |   3.84  |  (45,62,85)      (32,93,188)
     -1 ** (410,187)     15.04     0.41 |   11.68    -2.95 |   17.31    15.21 |   3.36  |  (31,29,34)      (18,48,83)
      0 i0 (410,186)      6.30    -8.33 |    5.63    -9.01 |    0.84    -1.26 |   0.67  |  (19,12,24)      (3,2,1)
      1    (410,185)     14.12    -0.51 |   14.49    -0.15 |    2.83     0.73 |  -0.37  |  (36,35,59)      (7,7,10)
      2    (410,184)     20.68     6.05 |   20.68     6.05 |    3.73     1.62 |   0.00  |  (49,51,81)      (10,9,13)
      3    (410,183)     21.97     7.34 |   21.97     7.34 |    3.75     1.65 |   0.00  |  (53,54,85)      (10,9,14)
      4    (410,182)     21.38     6.75 |   21.38     6.75 |    3.45     1.34 |   0.00  |  (53,52,84)      (10,8,13)
      5    (410,181)     21.94     7.31 |   21.94     7.31 |    3.73     1.62 |   0.00  |  (53,54,84)      (10,9,13)

  ── hero/chest-front   [KEY]   i0 off 24 / scr 24 / raw 24   BODY off  37.3 scr  37.3 raw   8.3
     off  px        L_off   dL_off |    L_scr   dL_scr |    L_raw   dL_raw |  PathB  |  screenoff rgb   raw rgb
     -9    (388,260)     47.63    10.38 |   47.63    10.38 |   13.64     5.35 |   0.00  |  (94,124,177)    (23,33,87)
     -8    (387,260)     51.19    13.94 |   51.19    13.94 |   17.15     8.87 |   0.00  |  (96,135,188)    (23,42,122)
     -7    (386,260)     56.92    19.66 |   56.92    19.66 |   27.19    18.90 |   0.00  |  (98,153,206)    (22,69,212)
     -6    (385,260)     57.92    20.67 |   57.92    20.67 |   27.19    18.90 |   0.00  |  (99,156,209)    (22,69,212)
     -5 ** (384,260)     57.64    20.39 |   57.81    20.56 |   27.44    19.15 |  -0.17  |  (98,156,208)    (22,70,211)
     -4 ** (383,260)     65.71    28.46 |   57.81    20.56 |   27.41    19.13 |   7.90  |  (98,156,208)    (22,70,210)
     -3 ** (382,260)     63.85    26.60 |   53.21    15.96 |   29.77    21.48 |  10.64  |  (95,143,183)    (24,77,218)
     -2 ** (381,260)     41.84     4.59 |   34.34    -2.91 |   76.81    68.52 |   7.50  |  (66,91,117)     (71,227,255)
     -1 ** (380,260)      8.79   -28.46 |    8.40   -28.85 |   26.63    18.35 |   0.39  |  (26,20,22)      (24,74,137)
      0 i0 (379,260)      7.76   -29.49 |    7.03   -30.22 |    0.84    -7.45 |   0.73  |  (21,16,28)      (3,2,1)
      1    (378,260)     13.32   -23.94 |   13.32   -23.94 |    2.72    -5.57 |   0.00  |  (29,33,58)      (6,7,9)
      2    (377,260)     18.87   -18.38 |   18.87   -18.38 |    3.17    -5.12 |   0.00  |  (35,49,78)      (7,8,12)
      3    (376,260)     18.39   -18.86 |   18.39   -18.86 |    3.06    -5.23 |   0.00  |  (33,48,77)      (6,8,11)
      4    (375,260)     17.33   -19.92 |   17.33   -19.92 |    2.77    -5.51 |   0.00  |  (34,44,76)      (6,7,11)
      5    (374,260)     17.27   -19.98 |   17.27   -19.98 |    2.66    -5.62 |   0.00  |  (28,46,72)      (5,7,10)

  ── hero/tail-top   [KEY]   i0 off 24 / scr 22 / raw 19   BODY off  30.9 scr  30.5 raw   8.2
     off  px        L_off   dL_off |    L_scr   dL_scr |    L_raw   dL_raw |  PathB  |  screenoff rgb   raw rgb
     -9    (505,249)     32.38     1.45 |   32.38     1.83 |    9.10     0.93 |   0.00  |  (85,83,71)      (23,24,16)
     -8    (505,248)     33.86     2.94 |   33.86     3.32 |    9.72     1.55 |   0.00  |  (85,88,74)      (23,26,18)
     -7    (505,247)     33.81     2.88 |   33.81     3.26 |    9.52     1.35 |   0.00  |  (87,87,76)      (24,25,18)
     -6    (505,246)     34.23     3.30 |   34.23     3.68 |    9.72     1.55 |   0.00  |  (86,89,74)      (23,26,18)
     -5 ** (505,245)     34.95     4.03 |   34.25     3.71 |    9.52     1.35 |   0.70  |  (89,88,76)      (24,25,18)
     -4 ** (505,244)     38.40     7.48 |   34.53     3.99 |    9.52     1.35 |   3.87  |  (89,89,76)      (24,25,18)
     -3 ** (505,243)     39.44     8.52 |   33.08     2.53 |    9.52     1.35 |   6.36  |  (86,85,73)      (24,25,18)
     -2 ** (505,242)     30.23    -0.70 |   21.65    -8.90 |   10.14     1.97 |   8.58  |  (58,55,49)      (24,27,20)
     -1 ** (505,241)     58.06    27.13 |   43.04    12.49 |   41.09    32.91 |  15.02  |  (95,113,121)    (57,114,154)
      0 i0 (505,240)     12.04   -18.89 |   26.74    -3.81 |   68.89    60.72 | -14.70  |  (81,66,52)      (241,164,99)
      1    (505,239)     73.32    42.40 |   73.32    42.78 |   69.38    61.20 |   0.00  |  (219,183,132)   (255,165,65)
      2    (505,238)     73.99    43.07 |   73.99    43.45 |   69.66    61.49 |   0.00  |  (220,185,133)   (255,166,65)
      3    (505,237)     73.99    43.07 |   73.99    43.45 |   69.66    61.49 |   0.00  |  (220,185,133)   (255,166,65)
      4    (505,236)     73.99    43.07 |   73.99    43.45 |   69.66    61.49 |   0.00  |  (220,185,133)   (255,166,65)
      5    (505,235)     73.99    43.07 |   73.99    43.45 |   69.63    61.46 |   0.00  |  (220,185,133)   (255,166,64)

  ── sly-profile/torso-front   [KEY]   i0 off 24 / scr 24 / raw 24   BODY off  35.3 scr  35.3 raw   7.4
     off  px        L_off   dL_off |    L_scr   dL_scr |    L_raw   dL_raw |  PathB  |  screenoff rgb   raw rgb
     -9    (609,270)     54.77    19.49 |   54.77    19.49 |   22.93    15.51 |   0.00  |  (79,151,206)    (8,60,192)
     -8    (608,270)     55.47    20.19 |   55.47    20.19 |   23.94    16.52 |   0.00  |  (81,153,205)    (7,64,191)
     -7    (607,270)     56.81    21.53 |   56.81    21.53 |   25.74    18.32 |   0.00  |  (84,157,204)    (8,70,192)
     -6    (606,270)     58.60    23.32 |   58.60    23.32 |   29.21    21.80 |   0.00  |  (89,162,203)    (9,82,193)
     -5 ** (605,270)     60.90    25.62 |   60.25    24.97 |   35.80    28.39 |   0.64  |  (95,166,204)    (13,103,206)
     -4 ** (604,270)     65.31    30.03 |   67.84    32.56 |   50.36    42.94 |  -2.52  |  (122,184,214)   (33,144,255)
     -3 ** (603,270)     38.82     3.54 |   37.20     1.92 |   72.77    65.36 |   1.62  |  (69,100,120)    (63,215,255)
     -2 ** (602,270)     19.24   -16.04 |   18.01   -17.27 |   80.62    73.20 |   1.23  |  (45,46,48)      (73,240,255)
     -1 ** (601,270)     11.43   -23.86 |   10.33   -24.95 |   84.27    76.85 |   1.09  |  (31,25,26)      (73,253,255)
      0 i0 (600,270)      8.15   -27.13 |    6.24   -29.04 |    0.84    -6.58 |   1.91  |  (21,14,20)      (3,2,1)
      1    (599,270)     21.44   -13.84 |   21.44   -13.84 |    0.84    -6.58 |   0.00  |  (74,51,34)      (3,2,1)
      2    (598,270)     40.91     5.63 |   40.91     5.63 |   22.06    14.64 |   0.00  |  (143,98,53)     (98,48,15)
      3    (597,270)     50.28    15.00 |   50.28    15.00 |   22.17    14.75 |   0.00  |  (175,121,62)    (99,48,16)
      4    (596,270)     51.07    15.79 |   51.07    15.79 |   22.20    14.78 |   0.00  |  (177,123,64)    (99,48,17)
      5    (595,270)     51.10    15.81 |   51.10    15.81 |   22.20    14.78 |   0.00  |  (177,123,65)    (99,48,17)

  ── sly-profile/tail-top   [KEY]   i0 off 23 / scr 23 / raw 23   BODY off  26.6 scr  26.6 raw   5.4
     off  px        L_off   dL_off |    L_scr   dL_scr |    L_raw   dL_raw |  PathB  |  screenoff rgb   raw rgb
     -9    (790,344)     26.97     0.36 |   26.97     0.36 |    5.40     0.00 |   0.00  |  (77,66,72)      (17,13,12)
     -8    (790,343)     27.00     0.39 |   27.00     0.39 |    5.40     0.00 |   0.00  |  (77,66,73)      (17,13,12)
     -7    (790,342)     26.86     0.25 |   26.86     0.25 |    5.40     0.00 |   0.00  |  (78,65,75)      (17,13,12)
     -6    (790,341)     27.39     0.78 |   27.39     0.78 |    5.60     0.20 |   0.00  |  (76,68,70)      (16,14,12)
     -5 ** (790,340)     27.28     0.67 |   27.28     0.67 |    5.40     0.00 |   0.00  |  (77,67,73)      (17,13,12)
     -4 ** (790,339)     36.87    10.26 |   27.56     0.95 |    5.60     0.20 |   9.31  |  (77,68,73)      (16,14,12)
     -3 ** (790,338)     55.31    28.71 |   30.17     3.56 |    5.43     0.03 |  25.15  |  (81,75,84)      (17,13,13)
     -2 ** (790,337)     47.61    21.00 |   35.25     8.64 |   12.03     6.62 |  12.36  |  (82,91,102)     (23,32,40)
     -1 ** (790,336)     27.40     0.79 |   13.16   -13.44 |   22.49    17.08 |  14.23  |  (38,32,36)      (37,61,81)
      0 i0 (790,335)     10.50   -16.11 |   10.05   -16.56 |    0.84    -4.56 |   0.45  |  (35,23,24)      (3,2,1)
      1    (790,334)     28.88     2.27 |   28.88     2.27 |   18.96    13.55 |   0.00  |  (99,69,45)      (81,42,15)
      2    (790,333)     49.56    22.96 |   49.56    22.96 |   20.08    14.68 |   0.00  |  (167,120,70)    (83,45,19)
      3    (790,332)     51.19    24.59 |   51.19    24.59 |   21.76    16.36 |   0.00  |  (167,125,78)    (85,50,23)
      4    (790,331)     52.59    25.99 |   52.59    25.99 |   23.25    17.84 |   0.00  |  (168,129,85)    (88,54,27)
      5    (790,330)     53.13    26.52 |   53.13    26.52 |   24.40    18.99 |   0.00  |  (167,131,87)    (88,58,28)



§D  DIP GEOMETRY — width of the sub-BODY dark band around i0, per arm.
    d(i) = (BODY − L(i)) / (BODY − L(i0)); w50 = count of px in ±9 with d ≥ 0.5,
    w25 with d ≥ 0.25. `inside` counts only offsets < 0 (the RIM window's side).

  edge                         face  arm         BODY   L(i0)   w50  w25  inside50  inside25  d(−1) d(−2) d(−3) d(−4) d(−5)
  hero/torso-back             SHADOWoff          30.5     6.4     7   12         2         2     0.85  0.81  0.16  0.21 -0.05
                                    screenoff    30.5     6.4     7   13         2         3     0.87  0.83  0.32  0.25 -0.05
                                    raw           5.5     0.6     6   10         1         1    -2.11 -2.77 -1.33  0.59 -0.21
  hero/tail-right             SHADOWoff          35.4     8.7     4    4         2         2     0.93  0.60  0.02  0.07  0.12
                                    screenoff    35.4     7.6     4    5         2         3     0.94  0.73  0.27  0.17  0.14
                                    raw           8.5     0.6     1    3         0         2     0.49  0.25  0.14  0.19  0.19
  hero/glove-right            SHADOWoff          33.5     6.0    10   12         2         2     0.91  0.61 -0.19 -0.37 -0.21
                                    screenoff    33.5     6.0    10   12         2         2     0.93  0.72  0.19  0.02  0.01
                                    raw           6.7     0.6    10   10         0         0    -2.24  0.01  0.01  0.00  0.00
  sly-profile/cap-back        SHADOWoff          34.7     6.6     4    9         3         8     0.88  0.82  0.56  0.22  0.26
                                    screenoff    34.7     6.3     4   10         3         9     0.89  0.86  0.62  0.41  0.36
                                    raw           7.2     0.6     6    8         5         7    -1.81 -2.02  0.49  0.49  0.51
  sly-profile/torso-back      SHADOWoff          32.7    10.6     3    5         2         3     0.88  0.76 -0.05 -0.02 -0.01
                                    screenoff    32.7     6.4     3    5         2         3     0.80  0.71  0.07 -0.01 -0.00
                                    raw           6.3     0.6     1    2         0         1    -2.42 -0.28 -0.11 -0.06 -0.00
  sly-profile/tail-right      SHADOWoff          29.5     8.6     7    7         4         4     0.66  0.69  0.64  0.58  0.16
                                    screenoff    29.5     4.2     6    7         4         5     0.96  0.65  0.52  0.52  0.48
                                    raw           6.6     0.6     2    4         0         2     0.43  0.27  0.22  0.20  0.14
  night/glove-right           SHADOWoff           9.0     4.0     2    4         1         2     0.63  0.25 -0.21 -0.25  0.21
                                    screenoff     8.8     4.0     2    3         1         1     0.62  0.22 -0.27 -0.31  0.17
                                    raw           0.9     0.1     2    3         0         1     0.10-12.17 -0.02 -0.02  0.42
  hero/cap-top                KEY   off          14.6     6.3     1    1         0         0    -0.05 -1.53 -1.82 -3.24 -2.80
                                    screenoff    14.6     5.6     1    2         0         1     0.33 -0.99 -2.27 -2.42 -2.47
                                    raw           2.1     0.8     1    1         0         0   -12.03-25.28 -4.29 -5.58 -6.75
  hero/chest-front            KEY   off          37.3     7.8    11   11         1         1     0.97 -0.16 -0.90 -0.97 -0.69
                                    screenoff    37.3     7.0    11   11         1         1     0.95  0.10 -0.53 -0.68 -0.68
                                    raw           8.3     0.8    10   10         0         0    -2.46 -9.20 -2.88 -2.57 -2.57
  hero/tail-top               KEY   off          30.9    12.0     1    1         0         0    -1.44  0.04 -0.45 -0.40 -0.21
                                    screenoff    30.5    21.6     1    2         0         0    -0.28 -0.45 -0.42 -0.41 -0.37
                                    raw           8.2     9.5     0    0         0         0     0.00  0.00  0.00  0.00  0.00
  sly-profile/torso-front     KEY   off          35.3     8.1     4    4         2         2     0.88  0.59 -0.13 -1.11 -0.94
                                    screenoff    35.3     6.2     3    4         2         2     0.86  0.59 -0.07 -1.12 -0.86
                                    raw           7.4     0.8     2    2         0         0   -11.68-11.13 -9.94 -6.53 -4.32
  sly-profile/tail-top        KEY   off          26.6    10.5     1    1         0         0    -0.05 -1.30 -1.78 -0.64 -0.04
                                    screenoff    26.6    10.0     2    2         1         1     0.81 -0.52 -0.22 -0.06 -0.04
                                    raw           5.4     0.8     1    1         0         0    -3.74 -1.45 -0.01 -0.04  0.00


§E  THE COMPOSITE, ISOLATED.  predict(raw) = grade+AgX+encode+vignette, i.e. the
    display transform ALONE, with NO AO, NO bloom, NO post-process ink, NO FXAA.
    residual = measured screenoff − predict(raw) is exactly those four terms plus
    the raw arm's own 1/255-of-LINEAR quantum, whose display width is printed as ±q.

  statOf() vs registered profile(): IDENTICAL on all 60 (edge,arm) pairs

  ── hero/torso-back   [SHADOW]   predicted-display i0 25 (measured screenoff i0 25)
     predicted  BODY  30.03  RIM  50.55  spike  20.52     measured screenoff  BODY  30.48  RIM  31.79  spike   1.31
     off  |  pred L   meas L   resid    ±q  |  pred rgb        meas rgb        resid rgb
     -8    |   30.42    31.71    1.29  1.07  |  (36,82,156)     (35,87,155)     (-1,+5,-1)
     -7    |   36.60    33.75   -2.86  0.78  |  (53,99,156)     (45,92,148)     (-8,-7,-8)
     -6    |   38.15    36.91   -1.23  0.78  |  (53,104,161)    (49,101,159)    (-4,-3,-2)
     -5 ** |   32.80    31.79   -1.01  0.89  |  (38,89,165)     (35,87,158)     (-3,-2,-7)
     -4 ** |   18.08    24.56    6.47  2.22  |  (14,49,112)     (26,67,127)     (+12,+18,+15)
     -3 ** |   42.12    22.86  -19.27  0.61  |  (62,115,166)    (35,61,100)     (-27,-54,-66)
     -2 ** |   50.55    10.53  -40.02  0.35  |  (85,137,178)    (29,26,29)      (-56,-111,-149)
     -1 ** |   46.80     9.53  -37.27  0.54  |  (75,128,164)    (25,23,35)      (-50,-105,-129)
      0 i0 |    3.65     6.37    2.72  2.77  |  (9,6,43)        (15,14,42)      (+6,+8,-1)
      1    |   16.43    13.93   -2.50  1.92  |  (34,41,74)      (32,34,61)      (-2,-7,-13)
      2    |   18.33    18.33    0.00  1.78  |  (39,46,77)      (39,46,77)      (0,0,0)
      3    |   17.80    17.83    0.03  1.83  |  (34,46,73)      (37,45,75)      (+3,-1,+2)
      4    |   17.80    18.39    0.59  1.83  |  (34,46,73)      (37,47,75)      (+3,+1,+2)

  ── hero/tail-right   [SHADOW]   predicted-display i0 26 (measured screenoff i0 25)
     predicted  BODY  34.82  RIM  32.20  spike  -2.62     measured screenoff  BODY  35.45  RIM  31.47  spike  -3.98
     off  |  pred L   meas L   resid    ±q  |  pred rgb        meas rgb        resid rgb
     -8    |   32.45    32.09   -0.36  0.95  |  (97,79,78)      (96,78,78)      (-1,-1,0)
     -7    |   32.20    32.09   -0.11  0.95  |  (95,79,75)      (94,79,74)      (-1,0,-1)
     -6    |   31.75    31.73   -0.03  0.95  |  (95,77,79)      (95,77,78)      (0,0,-1)
     -5 ** |   32.20    31.47   -0.73  0.95  |  (95,79,75)      (93,77,75)      (-2,-2,0)
     -4 ** |   31.42    30.86   -0.56  0.97  |  (92,77,76)      (92,75,76)      (0,-2,0)
     -3 ** |   31.42    27.95   -3.47  0.97  |  (92,77,76)      (83,68,69)      (-9,-9,-7)
     -2 ** |   32.20    15.07  -17.13  0.95  |  (95,79,75)      (45,36,43)      (-50,-43,-32)
     -1 ** |   30.02     9.41  -20.61  1.01  |  (87,74,71)      (28,22,32)      (-59,-52,-39)
      0 i0 |   24.79     7.65  -17.14  1.37  |  (71,60,72)      (23,17,34)      (-48,-43,-38)
      1    |    3.65    13.03    9.38  2.77  |  (9,6,43)        (33,31,56)      (+24,+25,+13)
      2    |   66.23    31.69  -34.54  0.04  |  (157,171,183)   (97,77,71)      (-60,-94,-112)
      3    |   74.80    69.92   -4.88  0.01  |  (179,193,203)   (175,179,181)   (-4,-14,-22)
      4    |   76.20    72.16   -4.04  0.00  |  (179,198,203)   (179,185,189)   (0,-13,-14)

  ── hero/glove-right   [SHADOW]   predicted-display i0 22 (measured screenoff i0 22)
     predicted  BODY  33.59  RIM  51.67  spike  18.08     measured screenoff  BODY  33.46  RIM  33.11  spike  -0.35
     off  |  pred L   meas L   resid    ±q  |  pred rgb        meas rgb        resid rgb
     -8    |   33.59    33.31   -0.28  0.88  |  (39,91,170)     (36,91,169)     (-3,0,-1)
     -7    |   33.59    33.31   -0.28  0.88  |  (39,91,170)     (36,91,169)     (-3,0,-1)
     -6    |   33.59    33.31   -0.28  0.88  |  (39,91,170)     (39,90,170)     (0,-1,0)
     -5 ** |   33.59    33.11   -0.48  0.88  |  (39,91,170)     (37,90,169)     (-2,-1,-1)
     -4 ** |   33.59    32.92   -0.67  0.88  |  (39,91,170)     (38,89,169)     (-1,-2,-1)
     -3 ** |   33.17    28.25   -4.91  0.89  |  (38,90,168)     (35,76,142)     (-3,-14,-26)
     -2 ** |   33.14    13.76  -19.37  0.89  |  (38,90,167)     (28,35,57)      (-10,-55,-110)
     -1 ** |   51.67     7.79  -43.88  0.31  |  (87,141,172)    (22,18,32)      (-65,-123,-140)
      0 i0 |    3.65     5.98    2.33  2.77  |  (9,6,43)        (13,13,44)      (+4,+7,+1)
      1    |   15.79    12.25   -3.54  2.20  |  (28,41,69)      (26,30,59)      (-2,-11,-10)
      2    |   18.95    18.34   -0.62  1.68  |  (33,50,77)      (36,47,76)      (+3,-3,-1)
      3    |   19.85    19.43   -0.42  1.76  |  (39,51,81)      (38,50,79)      (-1,-1,-2)
      4    |   20.58    19.63   -0.95  1.64  |  (38,54,80)      (37,51,79)      (-1,-3,-1)

  ── sly-profile/cap-back   [SHADOW]   predicted-display i0 24 (measured screenoff i0 24)
     predicted  BODY  34.71  RIM  52.04  spike  17.33     measured screenoff  BODY  34.71  RIM  24.43  spike -10.27
     off  |  pred L   meas L   resid    ±q  |  pred rgb        meas rgb        resid rgb
     -8    |   19.87    21.63    1.76  1.47  |  (0,57,137)      (8,60,146)      (+8,+3,+9)
     -7    |   21.91    21.49   -0.41  1.94  |  (11,60,147)     (3,61,146)      (-8,+1,-1)
     -6    |   24.13    23.31   -0.81  1.76  |  (9,68,152)      (6,66,152)      (-3,-2,0)
     -5 ** |   24.49    24.43   -0.06  1.76  |  (9,69,155)      (12,68,154)     (+3,-1,-1)
     -4 ** |   25.91    23.17   -2.75  1.65  |  (22,70,157)     (14,64,143)     (-8,-6,-14)
     -3 ** |   25.97    16.98   -8.99  1.65  |  (22,70,159)     (17,46,94)      (-5,-24,-65)
     -2 ** |   52.04    10.37  -41.67  0.36  |  (86,142,178)    (26,26,32)      (-60,-116,-146)
     -1 ** |   50.46     9.47  -41.00  0.36  |  (84,138,168)    (27,23,27)      (-57,-115,-141)
      0 i0 |    3.65     6.25    2.60  2.77  |  (9,6,43)        (16,14,35)      (+7,+8,-8)
      1    |   41.53    30.87  -10.65  0.55  |  (145,99,59)     (99,75,56)      (-46,-24,-3)
      2    |   54.49    49.65   -4.84  0.34  |  (180,133,77)    (164,121,72)    (-16,-12,-5)
      3    |   54.27    53.87   -0.39  0.34  |  (180,132,79)    (179,131,78)    (-1,-1,-1)
      4    |   54.49    54.13   -0.36  0.34  |  (180,133,77)    (179,132,77)    (-1,-1,0)

  ── sly-profile/torso-back   [SHADOW]   predicted-display i0 25 (measured screenoff i0 25)
     predicted  BODY  32.61  RIM  51.70  spike  19.09     measured screenoff  BODY  32.69  RIM  33.00  spike   0.31
     off  |  pred L   meas L   resid    ±q  |  pred rgb        meas rgb        resid rgb
     -8    |   30.20    30.84    0.64  1.16  |  (29,83,159)     (33,84,160)     (+4,+1,+1)
     -7    |   22.19    25.01    2.83  1.87  |  (8,63,136)      (19,69,144)     (+11,+6,+8)
     -6    |   32.61    31.74   -0.87  1.03  |  (38,88,168)     (35,86,166)     (-3,-2,-2)
     -5 ** |   33.00    32.80   -0.20  0.89  |  (39,89,169)     (37,89,168)     (-2,0,-1)
     -4 ** |   33.20    33.00   -0.20  0.89  |  (38,90,169)     (36,90,168)     (-2,0,-1)
     -3 ** |   33.70    30.84   -2.86  0.89  |  (38,92,167)     (38,83,155)     (0,-9,-12)
     -2 ** |   35.55    14.13  -21.42  0.85  |  (44,97,165)     (29,36,57)      (-15,-61,-108)
     -1 ** |   51.70    11.60  -40.10  0.45  |  (88,140,180)    (29,29,37)      (-59,-111,-143)
      0 i0 |    3.65     6.36    2.71  2.77  |  (9,6,43)        (16,14,39)      (+7,+8,-4)
      1    |   51.25    21.28  -29.97  0.39  |  (143,128,121)   (63,52,51)      (-80,-76,-70)
      2    |   59.78    51.90   -7.87  0.20  |  (176,148,127)   (158,128,100)   (-18,-20,-27)
      3    |   52.72    51.13   -1.60  0.38  |  (177,128,73)    (172,124,71)    (-5,-4,-2)
      4    |   52.72    51.94   -0.78  0.38  |  (177,128,73)    (175,126,71)    (-2,-2,-2)

  ── sly-profile/tail-right   [SHADOW]   predicted-display i0 25 (measured screenoff i0 26)
     predicted  BODY  30.27  RIM  28.12  spike  -2.15     measured screenoff  BODY  29.46  RIM  17.42  spike -12.04
     off  |  pred L   meas L   resid    ±q  |  pred rgb        meas rgb        resid rgb
     -8    |   28.70    28.67   -0.03  1.15  |  (87,69,74)      (84,70,72)      (-3,+1,-2)
     -7    |   28.12    28.17    0.06  1.16  |  (81,69,71)      (82,69,70)      (+1,0,-1)
     -6    |   27.69    27.61   -0.08  1.16  |  (81,68,66)      (79,68,69)      (-2,0,+3)
     -5 ** |   28.12    26.10   -2.02  1.16  |  (81,69,71)      (75,64,67)      (-6,-5,-4)
     -4 ** |   27.08    17.42   -9.66  1.16  |  (78,66,73)      (50,42,52)      (-28,-24,-21)
     -3 ** |   26.30    16.22  -10.08  1.18  |  (75,65,64)      (46,39,51)      (-29,-26,-13)
     -2 ** |   25.48    16.19   -9.29  1.18  |  (75,62,65)      (46,39,50)      (-29,-23,-15)
     -1 ** |   22.95    13.03   -9.93  1.54  |  (52,58,83)      (36,31,47)      (-16,-27,-36)
      0 i0 |    3.65     5.27    1.62  2.77  |  (9,6,43)        (13,11,39)      (+4,+5,-4)
      1    |    3.65     4.18    0.53  2.77  |  (9,6,43)        (10,8,39)       (+1,+2,-4)
      2    |   36.61     8.04  -28.57  0.91  |  (123,88,59)     (24,18,35)      (-99,-70,-24)
      3    |   48.56    28.41  -20.15  0.39  |  (160,118,75)    (94,68,53)      (-66,-50,-22)
      4    |   49.09    48.37   -0.73  0.38  |  (159,120,77)    (157,118,77)    (-2,-2,0)

  ── night/glove-right   [SHADOW]   predicted-display i0 14 (measured screenoff i0 14)
     predicted  BODY   9.81  RIM  38.78  spike  28.97     measured screenoff  BODY   8.79  RIM  10.28  spike   1.50
     off  |  pred L   meas L   resid    ±q  |  pred rgb        meas rgb        resid rgb
     -8    |    9.02     9.89    0.87  2.51  |  (3,24,72)       (7,26,71)       (+4,+2,-1)
     -7    |   40.63    22.58  -18.04  0.61  |  (64,112,137)    (28,62,101)     (-36,-50,-36)
     -6    |    8.01    12.24    4.23  2.72  |  (5,21,60)       (15,32,71)      (+10,+11,+11)
     -5 ** |    7.51     7.95    0.44  2.55  |  (3,18,78)       (5,20,68)       (+2,+2,-10)
     -4 ** |   10.01    10.28    0.27  2.30  |  (0,27,86)       (6,27,78)       (+6,0,-8)
     -3 ** |    9.63    10.08    0.45  2.79  |  (14,23,71)      (11,26,66)      (-3,+3,-5)
     -2 ** |   38.78     7.74  -31.04  0.77  |  (60,107,133)    (19,18,39)      (-41,-89,-94)
     -1 ** |    7.73     5.80   -1.93  3.01  |  (26,17,28)      (17,12,36)      (-9,-5,+8)
      0 i0 |    3.12     3.96    0.84  1.95  |  (10,4,41)       (8,8,37)        (-2,+4,-4)
      1    |    3.85     6.79    2.94  2.51  |  (2,10,31)       (10,17,42)      (+8,+7,+11)
      2    |   45.42    13.45  -31.97  0.54  |  (71,126,147)    (29,35,43)      (-42,-91,-104)
      3    |   13.56     9.82   -3.73  2.42  |  (10,39,63)      (7,28,49)       (-3,-11,-14)
      4    |   13.56    11.28   -2.27  2.42  |  (10,39,63)      (6,33,54)       (-4,-6,-9)

  ── hero/cap-top   [KEY]   predicted-display i0 20 (measured screenoff i0 20)
     predicted  BODY  14.73  RIM  61.70  spike  46.97     measured screenoff  BODY  14.63  RIM  36.88  spike  22.25
     off  |  pred L   meas L   resid    ±q  |  pred rgb        meas rgb        resid rgb
     -8    |   19.16    18.21   -0.95  1.47  |  (0,55,132)      (0,52,128)      (0,-3,-4)
     -7    |   18.15    19.64    1.49  1.15  |  (0,52,126)      (2,56,133)      (+2,+4,+7)
     -6    |   32.44    25.07   -7.37  1.07  |  (36,89,158)     (22,69,137)     (-14,-20,-21)
     -5 ** |   40.05    36.88   -3.17  0.60  |  (58,109,164)    (52,100,159)    (-6,-9,-5)
     -4 ** |   37.87    36.40   -1.46  0.74  |  (54,102,168)    (56,97,160)     (+2,-5,-8)
     -3 ** |   35.29    35.08   -0.21  0.81  |  (45,95,173)     (57,94,140)     (+12,-1,-33)
     -2 ** |   61.70    23.55  -38.15  0.22  |  (114,166,199)   (45,62,85)      (-69,-104,-114)
     -1 ** |   48.31    11.68  -36.62  0.50  |  (81,132,160)    (31,29,34)      (-50,-103,-126)
      0 i0 |    4.67     5.63    0.96  2.94  |  (19,10,10)      (19,12,24)      (0,+2,+14)
      1    |   18.02    14.49   -3.53  1.88  |  (40,45,73)      (36,35,59)      (-4,-10,-14)
      2    |   21.94    20.68   -1.26  1.55  |  (53,54,84)      (49,51,81)      (-4,-3,-3)
      3    |   22.34    21.97   -0.37  1.48  |  (53,55,88)      (53,54,85)      (0,-1,-3)
      4    |   21.10    21.38    0.28  1.68  |  (53,51,84)      (53,52,84)      (0,+1,0)

  ── hero/chest-front   [KEY]   predicted-display i0 24 (measured screenoff i0 24)
     predicted  BODY  36.38  RIM  75.35  spike  38.97     measured screenoff  BODY  37.25  RIM  57.81  spike  20.56
     off  |  pred L   meas L   resid    ±q  |  pred rgb        meas rgb        resid rgb
     -8    |   49.51    51.19    1.68  0.45  |  (94,130,184)    (96,135,188)    (+2,+5,+4)
     -7    |   58.29    56.92   -1.37  0.27  |  (100,157,209)   (98,153,206)    (-2,-4,-3)
     -6    |   58.29    57.92   -0.36  0.27  |  (100,157,209)   (99,156,209)    (-1,-1,0)
     -5 ** |   58.29    57.81   -0.48  0.27  |  (100,157,209)   (98,156,208)    (-2,-1,-1)
     -4 ** |   58.26    57.81   -0.45  0.27  |  (100,157,208)   (98,156,208)    (-2,-1,0)
     -3 ** |   59.74    53.21   -6.53  0.27  |  (104,161,209)   (95,143,183)    (-9,-18,-26)
     -2 ** |   75.35    34.34  -41.02  0.18  |  (155,202,204)   (66,91,117)     (-89,-111,-87)
     -1 ** |   56.85     8.40  -48.45  0.31  |  (98,155,184)    (26,20,22)      (-72,-135,-162)
      0 i0 |    4.67     7.03    2.36  2.94  |  (19,10,10)      (21,16,28)      (+2,+6,+18)
      1    |   17.38    13.32   -4.07  1.83  |  (34,45,68)      (29,33,58)      (-5,-12,-10)
      2    |   19.85    18.87   -0.98  1.76  |  (39,51,81)      (35,49,78)      (-4,-2,-3)
      3    |   18.95    18.39   -0.56  1.68  |  (33,50,77)      (33,48,77)      (0,-2,0)
      4    |   17.86    17.33   -0.53  2.00  |  (33,46,78)      (34,44,76)      (+1,-2,-2)

  ── hero/tail-top   [KEY]   predicted-display i0 19 (measured screenoff i0 22)
     predicted  BODY  33.71  RIM  37.00  spike   3.29     measured screenoff  BODY  30.55  RIM  34.53  spike   3.99
     off  |  pred L   meas L   resid    ±q  |  pred rgb        meas rgb        resid rgb
     -8    |   37.00    33.86   -3.13  0.69  |  (95,96,76)      (85,88,74)      (-10,-8,-2)
     -7    |   36.63    33.81   -2.83  0.78  |  (97,94,77)      (87,87,76)      (-10,-7,-1)
     -6    |   37.00    34.23   -2.77  0.69  |  (95,96,76)      (86,89,74)      (-9,-7,-2)
     -5 ** |   36.63    34.25   -2.38  0.78  |  (97,94,77)      (89,88,76)      (-8,-6,-1)
     -4 ** |   36.63    34.53   -2.10  0.78  |  (97,94,77)      (89,89,76)      (-8,-5,-1)
     -3 ** |   36.63    33.08   -3.55  0.78  |  (97,94,77)      (86,85,73)      (-11,-9,-4)
     -2 ** |   37.87    21.65  -16.22  0.64  |  (97,98,81)      (58,55,49)      (-39,-43,-32)
     -1 ** |   65.04    43.04  -22.00  0.22  |  (139,172,184)   (95,113,121)    (-44,-59,-63)
      0 i0 |   73.89    26.74  -47.16  0.20  |  (212,185,153)   (81,66,52)      (-131,-119,-101)
      1    |   73.35    73.32   -0.03  0.17  |  (216,184,132)   (219,183,132)   (+3,-1,0)
      2    |   73.63    73.99    0.36  0.17  |  (216,185,132)   (220,185,133)   (+4,0,+1)
      3    |   73.63    73.99    0.36  0.17  |  (216,185,132)   (220,185,133)   (+4,0,+1)
      4    |   73.63    73.99    0.36  0.17  |  (216,185,132)   (220,185,133)   (+4,0,+1)

  ── sly-profile/torso-front   [KEY]   predicted-display i0 24 (measured screenoff i0 24)
     predicted  BODY  34.85  RIM  76.70  spike  41.85     measured screenoff  BODY  35.28  RIM  67.84  spike  32.56
     off  |  pred L   meas L   resid    ±q  |  pred rgb        meas rgb        resid rgb
     -8    |   55.47    55.47    0.00  0.18  |  (81,153,205)    (81,153,205)    (0,0,0)
     -7    |   56.84    56.81   -0.03  0.18  |  (84,157,205)    (84,157,204)    (0,0,-1)
     -6    |   58.97    58.60   -0.36  0.18  |  (90,163,203)    (89,162,203)    (-1,-1,0)
     -5 ** |   62.35    60.25   -2.10  0.18  |  (100,172,204)   (95,166,204)    (-5,-6,0)
     -4 ** |   68.45    67.84   -0.61  0.22  |  (124,186,210)   (122,184,214)   (-2,-2,+4)
     -3 ** |   74.77    37.20  -37.57  0.06  |  (151,201,205)   (69,100,120)    (-82,-101,-85)
     -2 ** |   76.05    18.01  -58.04  0.18  |  (157,204,203)   (45,46,48)      (-112,-158,-155)
     -1 ** |   76.70    10.33  -66.37  0.20  |  (158,206,203)   (31,25,26)      (-127,-181,-177)
      0 i0 |    4.67     6.24    1.57  2.94  |  (19,10,10)      (21,14,20)      (+2,+4,+10)
      1    |    4.67    21.44   16.76  2.94  |  (19,10,10)      (74,51,34)      (+55,+41,+24)
      2    |   51.43    40.91  -10.52  0.53  |  (179,124,61)    (143,98,53)     (-36,-26,-8)
      3    |   51.79    50.28   -1.51  0.39  |  (179,125,64)    (175,121,62)    (-4,-4,-2)
      4    |   51.88    51.07   -0.81  0.35  |  (179,125,67)    (177,123,64)    (-2,-2,-3)

  ── sly-profile/tail-top   [KEY]   predicted-display i0 23 (measured screenoff i0 23)
     predicted  BODY  27.08  RIM  53.63  spike  26.55     measured screenoff  BODY  26.61  RIM  35.25  spike   8.64
     off  |  pred L   meas L   resid    ±q  |  pred rgb        meas rgb        resid rgb
     -8    |   27.08    27.00   -0.08  1.16  |  (78,66,73)      (77,66,73)      (-1,0,0)
     -7    |   27.08    26.86   -0.22  1.16  |  (78,66,73)      (78,65,75)      (0,-1,+2)
     -6    |   27.64    27.39   -0.25  1.20  |  (75,69,72)      (76,68,70)      (+1,-1,-2)
     -5 ** |   27.08    27.28    0.20  1.16  |  (78,66,73)      (77,67,73)      (-1,+1,0)
     -4 ** |   27.64    27.56   -0.09  1.20  |  (75,69,72)      (77,68,73)      (+2,-1,+1)
     -3 ** |   27.19    30.17    2.97  1.15  |  (78,66,77)      (81,75,84)      (+3,+9,+7)
     -2 ** |   41.41    35.25   -6.17  0.60  |  (93,108,119)    (82,91,102)     (-11,-17,-17)
     -1 ** |   53.63    13.16  -40.47  0.42  |  (117,141,153)   (38,32,36)      (-79,-109,-117)
      0 i0 |    4.67    10.05    5.38  2.94  |  (19,10,10)      (35,23,24)      (+16,+13,+14)
      1    |   48.80    28.88  -19.92  0.55  |  (168,118,60)    (99,69,45)      (-69,-49,-15)
      2    |   50.01    49.56   -0.45  0.39  |  (169,121,70)    (167,120,70)    (-2,-1,0)
      3    |   51.67    51.19   -0.48  0.38  |  (169,126,79)    (167,125,78)    (-2,-1,-1)
      4    |   53.10    52.59   -0.50  0.38  |  (170,130,87)    (168,129,85)    (-2,-1,-2)

  edge                         face   pred spike  meas spike(scr)   pred−meas   pred BODY  meas BODY
  hero/torso-back             SHADOW      20.52            1.31        19.21       30.03      30.48
  hero/tail-right             SHADOW      -2.62           -3.98         1.36       34.82      35.45
  hero/glove-right            SHADOW      18.08           -0.35        18.43       33.59      33.46
  sly-profile/cap-back        SHADOW      17.33          -10.27        27.60       34.71      34.71
  sly-profile/torso-back      SHADOW      19.09            0.31        18.78       32.61      32.69
  sly-profile/tail-right      SHADOW      -2.15          -12.04         9.88       30.27      29.46
  night/glove-right           SHADOW      28.97            1.50        27.47        9.81       8.79
  hero/cap-top                KEY         46.97           22.25        24.72       14.73      14.63
  hero/chest-front            KEY         38.97           20.56        18.41       36.38      37.25
  hero/tail-top               KEY          3.29            3.99        -0.70       33.71      30.55
  sly-profile/torso-front     KEY         41.85           32.56         9.30       34.85      35.28
  sly-profile/tail-top        KEY         26.55            8.64        17.91       27.08      26.61

  SHADOW7  mean predicted spike   14.17   vs measured screenoff   -3.36
  KEY5     mean predicted spike   31.53   vs measured screenoff   17.60


§F  INK SIGNATURE.  PostFX.js:1526-1542 — ink = min(mix(inkCool,inkWarm,smoothstep(0.12,0.55,lum)), c)
    then c = mix(c, ink, line*inkStrength), inkStrength 0.95, applied AFTER Path B and
    BEFORE the vignette. It is per-channel min()-bounded, so it can only ever DARKEN.
    Solving each channel for a = line*inkStrength: a = (p − m) / (p − ink), p = predicted
    pre-ink display byte, m = measured. Three channels, ONE free parameter — if a single a
    fits all three to within a byte or two the darkening has the ink pass's shape; if the
    channels demand different a, something else is in there too. AO/bloom/FXAA are NOT in
    p, so they contaminate this fit and are named again in the report rather than hidden.

  edge                        off   lum   inkC/W mix   a_R    a_G    a_B    spread   implied line
  hero/torso-back              -5  0.328   (24,17,25)     0.213  0.028  0.050    0.185          0.102
                               -4  0.181   (14,16,33)         — -0.547 -0.190    0.357         -0.388
                               -3  0.421   (25,18,20)     0.732  0.554  0.452    0.281          0.610
                               -2  0.506   (26,18,17)     0.947  0.932  0.923    0.024          0.983
                               -1  0.468   (26,18,18)     1.013  0.953  0.882    0.131          0.999
                                0  0.037   (9,6,34)           —      —  0.111    0.000          0.117
                                1  0.164   (22,16,33)     0.168  0.281  0.321    0.152          0.270
  hero/tail-right              -5  0.322   (24,17,26)     0.028  0.032  0.000    0.032          0.021
                               -4  0.314   (24,17,26)     0.000  0.033  0.000    0.033          0.012
                               -3  0.314   (24,17,26)     0.132  0.150  0.141    0.018          0.148
                               -2  0.322   (24,17,26)     0.702  0.693  0.651    0.052          0.718
                               -1  0.300   (24,17,27)     0.929  0.908  0.890    0.040          0.957
                                0  0.248   (23,16,30)     0.997  0.987  0.908    0.088          1.015
                                1  0.037   (9,6,34)           —      — -1.444    0.000         -1.520
  hero/glove-right             -5  0.336   (24,17,25)     0.133  0.014  0.007    0.127          0.054
                               -4  0.336   (24,17,25)     0.067  0.027  0.007    0.060          0.035
                               -3  0.332   (24,17,25)     0.214  0.192  0.182    0.031          0.206
                               -2  0.331   (24,17,25)     0.712  0.753  0.776    0.064          0.786
                               -1  0.517   (26,18,16)     1.064  1.000  0.899    0.165          1.040
                                0  0.037   (9,6,34)           —      — -0.111    0.000         -0.117
                                1  0.158   (22,16,34)     0.338  0.441  0.283    0.158          0.372
  sly-profile/cap-back         -5  0.245   (9,16,30)          —  0.019  0.008    0.011          0.014
                               -4  0.259   (22,16,30)         —  0.112  0.110    0.002          0.117
                               -3  0.260   (22,16,30)         —  0.449  0.502    0.054          0.500
                               -2  0.520   (26,18,16)     0.999  0.935  0.903    0.096          0.995
                               -1  0.505   (26,18,17)     0.981  0.958  0.931    0.050          1.007
                                0  0.037   (9,6,34)           —      —  0.889    0.000          0.936
                                1  0.415   (25,18,20)     0.384  0.295  0.077    0.306          0.265
  sly-profile/torso-back       -5  0.330   (24,17,25)     0.133  0.000  0.007    0.133          0.049
                               -4  0.332   (24,17,25)     0.142  0.000  0.007    0.142          0.052
                               -3  0.337   (24,17,25)     0.000  0.120  0.084    0.120          0.072
                               -2  0.355   (24,17,24)     0.761  0.764  0.764    0.004          0.803
                               -1  0.517   (26,18,16)     0.951  0.910  0.874    0.077          0.959
                                0  0.037   (9,6,34)           —      —  0.444    0.000          0.468
                                1  0.512   (26,18,16)     0.683  0.691  0.669    0.022          0.717
  sly-profile/tail-right       -5  0.281   (23,17,28)     0.104  0.095  0.094    0.010          0.103
                               -4  0.271   (23,17,29)     0.510  0.485  0.476    0.034          0.517
                               -3  0.263   (23,17,29)     0.558  0.536  0.375    0.183          0.516
                               -2  0.255   (23,16,30)     0.557  0.505  0.426    0.131          0.522
                               -1  0.230   (23,16,31)     0.545  0.648  0.694    0.148          0.662
                                0  0.037   (9,6,34)           —      —  0.444    0.000          0.468
                                1  0.037   (9,6,34)           —      —  0.444    0.000          0.468
  night/glove-right            -5  0.075   (3,16,34)          — -1.000  0.227    1.227         -0.407
                               -4  0.100   (0,16,34)          —  0.000  0.154    0.154          0.081
                               -3  0.096   (14,16,34)         — -0.429  0.135    0.564         -0.154
                               -2  0.388   (25,17,22)     1.162  0.993  0.845    0.317          1.053
                               -1  0.077   (22,16,28)     2.250  5.000      —    2.750          3.816
                                0  0.031   (10,4,34)          —      —  0.571    0.000          0.602
                                1  0.038   (2,10,31)          —      —      —        —              —
  hero/cap-top                 -5  0.401   (25,17,21)     0.181  0.098  0.035    0.146          0.110
                               -4  0.379   (25,17,22)    -0.068  0.059  0.055    0.127          0.016
                               -3  0.353   (24,17,24)    -0.578  0.013  0.221    0.800         -0.121
                               -2  0.617   (26,18,16)     0.784  0.703  0.623    0.161          0.740
                               -1  0.483   (26,18,17)     0.905  0.902  0.882    0.023          0.944
                                0  0.047   (19,10,10)         —      —      —        —              —
                                1  0.180   (22,16,33)     0.225  0.346  0.350    0.125          0.323
  hero/chest-front             -5  0.583   (26,18,16)     0.027  0.007  0.005    0.022          0.014
                               -4  0.583   (26,18,16)     0.027  0.007  0.000    0.027          0.012
                               -3  0.597   (26,18,16)     0.115  0.126  0.135    0.019          0.132
                               -2  0.754   (26,18,16)     0.690  0.603  0.463    0.227          0.616
                               -1  0.569   (26,18,16)     1.000  0.985  0.964    0.036          1.035
                                0  0.047   (19,10,10)         —      —      —        —              —
                                1  0.174   (22,16,33)     0.423  0.415  0.288    0.135          0.395
  hero/tail-top                -5  0.366   (24,17,23)     0.110  0.078  0.019    0.092          0.073
                               -4  0.366   (24,17,23)     0.110  0.065  0.019    0.092          0.068
                               -3  0.366   (24,17,23)     0.152  0.117  0.074    0.077          0.120
                               -2  0.379   (25,17,22)     0.539  0.533  0.545    0.012          0.567
                               -1  0.650   (26,18,16)     0.389  0.383  0.375    0.014          0.403
                                0  0.739   (26,18,16)     0.704  0.713  0.737    0.033          0.756
                                1  0.734   (26,18,16)    -0.016  0.006  0.000    0.022         -0.003
  sly-profile/torso-front      -5  0.624   (26,18,16)     0.068  0.039  0.000    0.068          0.037
                               -4  0.685   (26,18,16)     0.020  0.012 -0.021    0.041          0.004
                               -3  0.748   (26,18,16)     0.656  0.552  0.450    0.206          0.582
                               -2  0.761   (26,18,16)     0.855  0.849  0.829    0.026          0.889
                               -1  0.767   (26,18,16)     0.962  0.963  0.947    0.016          1.008
                                0  0.047   (19,10,10)         —      —      —        —              —
                                1  0.047   (19,10,10)         —      —      —        —              —
  sly-profile/tail-top         -5  0.271   (23,17,29)     0.018 -0.020  0.000    0.038         -0.001
                               -4  0.276   (23,17,29)    -0.039  0.019 -0.023    0.058         -0.015
                               -3  0.272   (23,17,29)    -0.055 -0.182 -0.145    0.127         -0.134
                               -2  0.414   (25,18,20)     0.162  0.188  0.172    0.026          0.183
                               -1  0.536   (26,18,16)     0.868  0.886  0.854    0.032          0.915
                                0  0.047   (19,10,10)         —      —      —        —              —
                                1  0.488   (26,18,17)     0.485  0.489  0.349    0.140          0.464

  (a > 1 or a < 0 means the ink model alone cannot produce the measured value — the
   residual there is not ink, or not only ink.)


§G  PATH A's BAND WIDTH, measured on the `raw` arm (linear, composite skipped).
    n_up = how many of the 5 px the RIM statistic maximises over sit ABOVE BODY(raw).
    run  = the contiguous run of those, counted outward from i0−1. The seal's statistic
    is a MAX over the window and is blind to width; this is the width.

  edge                         face   BODY raw   dL(−1)  dL(−2)  dL(−3)  dL(−4)  dL(−5)   n_up  run  peak dL  at
  hero/torso-back             SHADOW      5.48      10.35   13.64    6.54   -2.89    1.04     4    3    13.64  -2
  hero/tail-right             SHADOW      8.52      -3.88   -2.00   -1.13   -1.50   -1.50     0    0    -1.13  -3
  hero/glove-right            SHADOW      6.66      13.69   -0.08   -0.06    0.00    0.00     1    1    13.69  -1
  sly-profile/cap-back        SHADOW      7.19      12.03   13.41   -3.23   -3.26   -3.40     2    2    13.41  -2
  sly-profile/torso-back      SHADOW      6.29      13.89    1.60    0.62    0.34    0.03     5    5    13.89  -1
  sly-profile/tail-right      SHADOW      6.61      -2.60   -1.62   -1.34   -1.20   -0.84     0    0    -0.84  -5
  night/glove-right           SHADOW      0.91      -0.07    9.41    0.01    0.01   -0.32     3    0     9.41  -2
  hero/cap-top                KEY         2.10      15.21   31.97    5.43    7.05    8.54     5    5    31.97  -2
  hero/chest-front            KEY         8.29      18.35   68.52   21.48   19.13   19.15     5    5    68.52  -2
  hero/tail-top               KEY         8.17       1.55    1.35    1.55    0.93   -0.59     4    4     1.55  -1
  sly-profile/torso-front     KEY         7.42      76.85   73.20   65.36   42.94   28.39     5    5    76.85  -1
  sly-profile/tail-top        KEY         5.40      17.08    6.62    0.03    0.20    0.00     4    4    17.08  -1
  SHADOW  mean n_up  2.14   mean run  1.57   mean peak dL   8.87
  KEY     mean n_up  4.60   mean run  4.60   mean peak dL  39.19

  PEAK vs AREA — the same rays, two statistics, per shot then averaged (§4's rule):
  shot          KEY peak  SHADOW peak  peak ratio |  KEY area  SHADOW area  area ratio   (area = Σ positive dL over the 5 px)
  hero             34.01         8.73       0.257 |     73.40        15.09       0.206
  sly-profile      46.97         8.82       0.188 |    155.33        13.97       0.090
  MEAN                                         0.222 |                               0.148
  rim-offline §2 predicts               0.247 (peak) |                        0.112 (area, = PREREG §7 M2's DOWNSTREAM band)
  KEY5 raw band pixels at 255 in any channel: 5 of 25  (a clipped key peak would make both ratios read HIGH)


§H  AO AS THE ALTERNATIVE, forward-fitted.  PostFX.js:1414-1417 — scene *= mix(1, uAOTint*uAODepth, occ),
    in LINEAR, BEFORE the grade. tintColor() normalises #2a3f66 to peak channel 1, so the
    multiplier at occ is (1−0.827occ, 1−0.741occ, 1−0.580occ): AO kills RED hardest and BLUE
    least, and can only ever move a pixel TOWARD blue. Both models are scanned over their one
    parameter and the best per-model max-channel error is reported. This is the test that
    separates them; the sign of the chromatic error is not a matter of taste.

  edge                        off  measured rgb     INK-ONLY fit          AO-ONLY fit
                                                    a     rgb        err   occ    rgb        err
  hero/torso-back              -3  (35,61,100)      0.51 (43,66,92)       8   1.00 (0,65,137)    37
                               -2  (29,26,29)       0.93 (30,27,29)       1   0.99 (0,84,156)   127
                               -1  (25,23,35)       0.91 (30,28,32)       5   1.00 (0,74,140)   105
  hero/tail-right              -3  (83,68,69)       0.13 (83,69,70)       1   0.27 (78,68,74)     5
                               -2  (45,36,43)       0.67 (47,37,42)       2   0.93 (32,37,57)    14
                               -1  (28,22,32)       0.91 (29,22,31)       1   0.98 (21,30,50)    18
  hero/glove-right             -3  (35,76,142)      0.18 (35,76,142)      0   0.41 (18,78,160)   18
                               -2  (28,35,57)       0.77 (27,34,58)       1   1.00 (0,47,120)    63
                               -1  (22,18,32)       0.94 (29,25,25)       7   0.96 (6,88,150)   118
  sly-profile/cap-back         -3  (17,46,94)       0.46 (22,45,99)       5   0.89 (0,39,111)    17
                               -2  (26,26,32)       0.93 (30,27,28)       4   1.00 (0,86,155)   123
                               -1  (27,23,27)       0.94 (29,25,26)       2   0.99 (0,82,146)   119
  sly-profile/torso-back       -3  (38,83,155)      0.09 (37,85,154)      2   0.21 (29,86,164)    9
                               -2  (29,36,57)       0.77 (29,36,57)       0   0.99 (0,52,124)    67
                               -1  (29,29,37)       0.88 (33,33,36)       4   0.91 (21,93,158)  121
  sly-profile/tail-right       -3  (46,39,51)       0.47 (50,42,48)       4   0.63 (44,42,52)     3
                               -2  (46,39,50)       0.49 (49,40,48)       3   0.61 (45,41,52)     2
                               -1  (36,31,47)       0.63 (34,32,50)       3   0.73 (22,33,62)    15
  night/glove-right            -3  (11,26,66)       0.04 (14,23,69)       3   0.05 (14,23,70)     4
                               -2  (19,18,39)       0.90 (28,27,33)       9   1.00 (0,57,110)    71
                               -1  (17,12,36)       0.13 (25,17,28)       8   0.02 (25,16,28)     8
  hero/cap-top                 -3  (57,94,140)      0.12 (43,86,155)     15   0.30 (32,87,168)   28
                               -2  (45,62,85)       0.67 (55,68,77)      10   0.99 (32,108,170)  85
                               -1  (31,29,34)       0.89 (32,30,33)       1   0.99 (0,78,138)   104
  hero/chest-front             -3  (95,143,183)     0.13 (94,142,184)     1   0.44 (81,143,198)  15
                               -2  (66,91,117)      0.56 (83,100,100)    17   1.00 (69,144,173)  56
                               -1  (26,20,22)       0.97 (28,22,21)       2   0.94 (25,102,158) 136
  hero/tail-top                -3  (86,85,73)       0.12 (88,85,71)       2   0.23 (85,85,74)     1
                               -2  (58,55,49)       0.52 (59,56,50)       1   0.86 (37,56,70)    21
                               -1  (95,113,121)     0.38 (96,113,120)     1   0.93 (66,119,155)  34
  sly-profile/torso-front      -3  (69,100,120)     0.53 (85,105,106)    16   1.00 (64,141,174)  54
                               -2  (45,46,48)       0.84 (47,48,46)       2   0.98 (75,149,173) 125
                               -1  (31,25,26)       0.95 (33,27,25)       2   0.99 (74,150,172) 146
  sly-profile/tail-top         -3  (81,75,84)       0.00 (78,66,77)       9   0.00 (78,66,77)     9
                               -2  (82,91,102)      0.17 (81,92,102)      1   0.41 (72,92,112)   10
                               -1  (38,32,36)       0.87 (38,34,34)       2   0.86 (54,95,131)   95


§I  FXAA AS THE ALTERNATIVE.  PostFX.js:1558-1592, transcribed and run on a 2D patch of the
    ink-free PREDICTION. FXAA is a convex blend of bilinear taps of its input, so it cannot
    put a pixel below the darkest thing within reach; the question is whether the ink-free
    image has anything dark enough within reach. (The patch omits AO and bloom, as §E does.)

  edge                        off   meas L   pred L (no ink)  FXAA(pred) L   FXAA moved   min L in ±4 patch
  hero/torso-back              -3    22.86            42.12          34.62        -7.50                3.65
                               -2    10.53            50.55          47.64        -2.91                3.65
                               -1     9.53            46.80          37.45        -9.35                3.65
  hero/tail-right              -3    27.95            31.42          31.42         0.00                3.65
                               -2    15.07            32.20          28.76        -3.44                3.65
                               -1     9.41            30.02          30.29         0.27                3.65
  hero/glove-right             -3    28.25            33.17          33.18         0.01                3.65
                               -2    13.76            33.14          36.17         3.03                3.65
                               -1     7.79            51.67          27.35       -24.32                3.65
  sly-profile/cap-back         -3    16.98            25.97          28.42         2.45                3.65
                               -2    10.37            52.04          44.25        -7.79                3.65
                               -1     9.47            50.46          49.68        -0.79                3.65
  sly-profile/torso-back       -3    30.84            33.70          33.51        -0.19                3.65
                               -2    14.13            35.55          37.38         1.84                3.65
                               -1    11.60            51.70          48.12        -3.57                3.65
  sly-profile/tail-right       -3    16.22            26.30          23.54        -2.75                3.65
                               -2    16.19            25.48          17.91        -7.57                3.65
                               -1    13.03            22.95          21.24        -1.71                3.65
  night/glove-right            -3    10.08             9.63          14.66         5.03                3.12
                               -2     7.74            38.78          21.66       -17.12                3.12
                               -1     5.80             7.73           7.00        -0.73                3.12
  hero/cap-top                 -3    35.08            35.29          40.22         4.92                4.67
                               -2    23.55            61.70          32.04       -29.66                4.67
                               -1    11.68            48.31          35.17       -13.13                4.67
  hero/chest-front             -3    53.21            59.74          63.48         3.73                4.67
                               -2    34.34            75.35          70.45        -4.90                4.67
                               -1     8.40            56.85          36.80       -20.05                4.67
  hero/tail-top                -3    33.08            36.63          36.63         0.00               36.46
                               -2    21.65            37.87          44.23         6.36               36.46
                               -1    43.04            65.04          65.41         0.37               36.63
  sly-profile/torso-front      -3    37.20            74.77          74.43        -0.34                4.67
                               -2    18.01            76.05          76.05         0.00                4.67
                               -1    10.33            76.70          70.15        -6.55                4.67
  sly-profile/tail-top         -3    30.17            27.19          30.03         2.83                4.67
                               -2    35.25            41.41          38.08        -3.33                4.67
                               -1    13.16            53.63          46.53        -7.11                4.67


§J  INDEPENDENT CHECK — `progress/records/inkw-before/`, a one-boot dt=0 A/B from 2026-08-09
    with a PROVEN null arm (base vs null = 0 px) that carries REAL `noink` and `noao` arms.
    IT IS A DIFFERENT FRAME ON A DIFFERENT TREE — the registered edges do not land on the
    same features there (checked: 4 of 8 hero edges PIN), so it cannot attribute anything in
    rim1. What it CAN do is measure, on the character, how much each pass darkens, with no
    model in the way. Subject mask = pixels where `nochar` differs from `base`.

  shot          pass    px darkened ≥1 L on subject   median ΔL   p90    p99    max
  hero          ink           5287 of 12824 subject px        17.46  45.66  76.76  81.63
                ao            2665 of 12824 subject px         1.62   3.42   5.46   6.30
                hull             0 of 12824 subject px            —      —      —      —
  sly-closeup   ink          41987 of 175177 subject px        11.26  51.16  78.73  83.95
                ao           44823 of 175177 subject px         1.90   4.31   6.46   7.84
                hull             0 of 175177 subject px            —      —      —      —
  combat        ink          18875 of 78699 subject px        14.17  50.18  78.34  84.34
                ao           19874 of 78699 subject px         1.99   5.63   8.52   9.72
                hull             0 of 78699 subject px            —      —      —      —
