renderer: ANGLE (Google, Vulkan 1.3.0 (SwiftShader Device (Subzero) (0x0000C0DE)), SwiftShader driver)   drawing buffer 1280x720   boot warnings 4

[hero] staging base(0/0/1) off(0/0/0) n035(0.35/0/1) n050(0.5/0/1) n100(1/0/1) n050k(0.5/1/1) base2(0/0/1) dbg4(75.6%) dbg6 dbg7  (837s)
[temple] staging base(0/0/1) off(0/0/0) n035(0.35/0/1) n050(0.5/0/1) n100(1/0/1) n050k(0.5/1/1) base2(0/0/1) dbg4(27.0%) dbg6 dbg7  (1447s)
[courtyard] staging base(0/0/1) off(0/0/0) n035(0.35/0/1) n050(0.5/0/1) n100(1/0/1) n050k(0.5/1/1) base2(0/0/1) dbg4(15.6%) dbg6 dbg7  (2191s)
[sly-closeup] staging base(0/0/1) off(0/0/0) n035(0.35/0/1) n050(0.5/0/1) n100(1/0/1) n050k(0.5/1/1) base2(0/0/1) dbg4(18.4%) dbg6 dbg7  (2958s)
[interior] staging base(0/0/1) off(0/0/0) n035(0.35/0/1) n050(0.5/0/1) n100(1/0/1) n050k(0.5/1/1) base2(0/0/1) dbg4(73.7%) dbg6 dbg7  (3287s)

captured in 3293s

================= PREREG-specnorm REGISTERED CRITERIA =================

per-shot luma (display bytes, Rec.709):
shot          arm      p1    p50    p90    p99   p99.9   max     >200%    >230%  >230px    >250%
hero          base     15     71    155    183    195  232.18     0.066   0.0004       4   0.0000
hero          off      15     71    154    183    193  232.18     0.058   0.0004       4   0.0000
hero          n035     15     71    155    183    200  232.18     0.103   0.0004       4   0.0000
hero          n050     16     71    155    184    203  233.04     0.128   0.0020      18   0.0000
hero          n100     16     73    156    186    221  247.77     0.287   0.0401     370   0.0000
hero          n050k    16     73    156    186    221  246.83     0.307   0.0395     364   0.0000
hero          base2    15     71    155    183    195  232.18     0.066   0.0004       4   0.0000

temple        base     31     89    145    181    195  230.21     0.070   0.0001       1   0.0000
temple        off      31     89    145    181    195  230.21     0.066   0.0001       1   0.0000
temple        n035     31     89    145    181    196  230.21     0.074   0.0001       1   0.0000
temple        n050     31     89    145    181    196  230.21     0.076   0.0001       1   0.0000
temple        n100     31     89    145    181    197  230.21     0.085   0.0001       1   0.0000
temple        n050k    31     89    145    181    198  230.21     0.090   0.0001       1   0.0000
temple        base2    31     89    145    181    195  230.21     0.070   0.0001       1   0.0000

courtyard     base     23    104    160    180    210  237.17     0.222   0.0031      29   0.0000
courtyard     off      23    103    159    179    206  237.17     0.169   0.0031      29   0.0000
courtyard     n035     23    104    160    186    213  240.61     0.393   0.0135     124   0.0000
courtyard     n050     23    104    160    187    216  247.62     0.625   0.0316     291   0.0000
courtyard     n100     24    105    161    194    239  254.57     0.828   0.4835    4456   0.0009
courtyard     n050k    24    105    162    195    237  254.21     0.850   0.4702    4333   0.0004
courtyard     base2    23    104    160    180    210  237.17     0.222   0.0031      29   0.0000

sly-closeup   base     25     82    124    179    214  239.39     0.211   0.0046      42   0.0000
sly-closeup   off      25     82    123    178    214  239.39     0.203   0.0041      38   0.0000
sly-closeup   n035     25     82    124    181    214  239.39     0.267   0.0048      44   0.0000
sly-closeup   n050     25     82    124    183    214  239.39     0.298   0.0051      47   0.0000
sly-closeup   n100     25     82    124    189    216  239.39     0.498   0.0235     217   0.0000
sly-closeup   n050k    25     82    125    190    218  239.39     0.580   0.0267     246   0.0000
sly-closeup   base2    25     82    124    179    214  239.39     0.211   0.0046      42   0.0000

interior      base     14     66     97    143    229  247.69     0.215   0.0943     869   0.0000
interior      off      14     66     97    143    229  247.69     0.215   0.0943     869   0.0000
interior      n035     14     66     97    143    229  247.69     0.215   0.0943     869   0.0000
interior      n050     14     66     97    143    229  247.69     0.215   0.0943     869   0.0000
interior      n100     14     66     97    143    229  247.69     0.215   0.0943     869   0.0000
interior      n050k    14     66     97    143    229  247.69     0.215   0.0943     869   0.0000
interior      base2    14     66     97    143    229  247.69     0.215   0.0943     869   0.0000

I1 NULL ARM  (base2 vs base, must be exactly 0 px):
   hero          0 px   PASS
   temple        0 px   PASS
   courtyard     0 px   PASS
   sly-closeup   0 px   PASS
   interior      0 px   PASS
   I1 FIRED

I2 POSITIVE CONTROL  (off vs base, must be > 0 px on all four OUTDOOR shots):
   hero          36589 px (3.970%)  max |dL| 135.25  mean dL -10.26   FIRED
   temple        8155 px (0.885%)  max |dL| 45.62  mean dL -2.36   FIRED
   courtyard     74428 px (8.076%)  max |dL| 112.20  mean dL -7.95   FIRED
   sly-closeup   59963 px (6.506%)  max |dL| 82.13  mean dL -3.78   FIRED
   interior      0 px (0.000%)  max |dL| 0.00  mean dL 0.00   (exempt — G5 predicts 0)
   I2 FIRED

I3 APPLIED STATE  (pow/key/gain, distinct per arm):
   hero          base=0/0/1 off=0/0/0 n035=0.35/0/1 n050=0.5/0/1 n100=1/0/1 n050k=0.5/1/1 base2=0/0/1
   temple        base=0/0/1 off=0/0/0 n035=0.35/0/1 n050=0.5/0/1 n100=1/0/1 n050k=0.5/1/1 base2=0/0/1
   courtyard     base=0/0/1 off=0/0/0 n035=0.35/0/1 n050=0.5/0/1 n100=1/0/1 n050k=0.5/1/1 base2=0/0/1
   sly-closeup   base=0/0/1 off=0/0/0 n035=0.35/0/1 n050=0.5/0/1 n100=1/0/1 n050k=0.5/1/1 base2=0/0/1
   interior      base=0/0/1 off=0/0/0 n035=0.35/0/1 n050=0.5/0/1 n100=1/0/1 n050k=0.5/1/1 base2=0/0/1

I4 READBACK CALIBRATION  (debugTerm(4) triple, bar > 5% of frame):
   hero          75.63%   FIRED
   temple        26.99%   FIRED
   courtyard     15.61%   FIRED
   sly-closeup   18.38%   FIRED
   interior      73.70%   FIRED
   I4 FIRED

I5 CLASS-MAP CALIBRATION  (debugTerm(7); >= 6 buckets, every uSpec within 1/255 of the census):
   2350 distinct (uSpec, metal) buckets over all shots; 802/2350 match a census row
   I5 BLIND — ALL per-class attribution in this run is VOID; whole-frame numbers stand

candidate vs base:
   hero
      n035     36750 px (3.988%)  max dL  97.63   p50 71->71   p99 183->183   >230 4->4 px   >250 0.0000%
      n050     64873 px (7.039%)  max dL  89.13   p50 71->71   p99 183->184   >230 4->18 px   >250 0.0000%
      n100    138074 px (14.982%)  max dL 132.09   p50 71->73   p99 183->186   >230 4->370 px   >250 0.0000%
      n050k   154456 px (16.760%)  max dL 134.93   p50 71->73   p99 183->186   >230 4->364 px   >250 0.0000%
   temple
      n035      6068 px (0.658%)  max dL  35.01   p50 89->89   p99 181->181   >230 1->1 px   >250 0.0000%
      n050      6833 px (0.741%)  max dL  35.58   p50 89->89   p99 181->181   >230 1->1 px   >250 0.0000%
      n100      8401 px (0.912%)  max dL  42.87   p50 89->89   p99 181->181   >230 1->1 px   >250 0.0000%
      n050k     9852 px (1.069%)  max dL  47.91   p50 89->89   p99 181->181   >230 1->1 px   >250 0.0000%
   courtyard
      n035     73282 px (7.952%)  max dL  84.50   p50 104->104   p99 180->186   >230 29->124 px   >250 0.0000%
      n050     96412 px (10.461%)  max dL  73.80   p50 104->104   p99 180->187   >230 29->291 px   >250 0.0000%
      n100    212876 px (23.099%)  max dL 136.67   p50 104->105   p99 180->194   >230 29->4456 px   >250 0.0009%
      n050k   231863 px (25.159%)  max dL 134.36   p50 104->105   p99 180->195   >230 29->4333 px   >250 0.0004%
   sly-closeup
      n035     56113 px (6.089%)  max dL  42.63   p50 82->82   p99 179->181   >230 42->44 px   >250 0.0000%
      n050     65393 px (7.096%)  max dL  45.37   p50 82->82   p99 179->183   >230 42->47 px   >250 0.0000%
      n100     95427 px (10.354%)  max dL  80.02   p50 82->82   p99 179->189   >230 42->217 px   >250 0.0000%
      n050k   125409 px (13.608%)  max dL  88.25   p50 82->82   p99 179->190   >230 42->246 px   >250 0.0000%
   interior
      n035         0 px (0.000%)  max dL   0.00   p50 66->66   p99 143->143   >230 869->869 px   >250 0.0000%
      n050         0 px (0.000%)  max dL   0.00   p50 66->66   p99 143->143   >230 869->869 px   >250 0.0000%
      n100         0 px (0.000%)  max dL   0.00   p50 66->66   p99 143->143   >230 869->869 px   >250 0.0000%
      n050k        0 px (0.000%)  max dL   0.00   p50 66->66   p99 143->143   >230 869->869 px   >250 0.0000%

================= REGISTERED GATES (outdoor shots only for T1/T2/H1) =================
cand    T1 p99>=200  T2 >230>=0.20%   H1 >230>=0.02%  | G1 blowout  G2 p50  G3 p1  G4 sly  G5 interior | SHIP
n035       0/4            0/4               0/4      |  pass      pass   pass   n/a     pass       | no
n050       0/4            0/4               1/4      |  pass      pass   pass   n/a     pass       | no
n100       0/4            1/4               3/4      |  pass      pass   pass   n/a     pass       | YES

SHIP RULE: the largest pow in {n035, n050, n100} that satisfies G1-G5 with I1-I4 fired, provided H1 >= 3/4.
   I1 ok · I2 ok · I4 ok · I5 BLIND
   ==> SHIP uSpecNormPow 1

debugTerm(6) SPECULAR INCIDENCE — OF THE TOON POPULATION (mode-4 mask), never of the frame:
shot           toon%   toonPx   gates>0   gatesFULL   quant>=50%   quantSAT   (px)
hero          75.63%   696967    11.060%      9.198%       0.687%      0.356%    2478
temple        26.99%   248756     0.957%      0.654%       0.403%      0.365%     908
courtyard     15.61%   143829    23.990%     18.786%       4.087%      3.786%    5445
sly-closeup   18.38%   169415    25.301%     23.135%       1.628%      1.272%    2155
interior      73.70%   679176     0.000%      0.000%       0.000%      0.000%       0

debugTerm(7) PER-MATERIAL CLASS — median display-L rise on that class's LOBE-SATURATED pixels
(uSpec/metal from the map; glossP is per-pixel so it is a range. norm factor = ((glossP+8)/8)^pow)

  hero
  uSpec  metal   glossP mean[min..max]   class px   satPx |  n035    n050    n100   n050k
  0.141  0.00     9.10[8.03..15.06]     54626     481 |   +2.4    +3.8    +8.5   +17.0
  0.549  0.85    40.23[32.13..49.69]     86463     284 |  +21.2   +31.0   +53.6   +53.6
  0.251  0.00    20.08[18.07..20.08]      4408     208 |   +7.3   +10.6   +24.5   +30.1
  0.549  0.00    39.12[32.63..41.16]     34950     139 |  +10.3   +16.6   +38.9   +39.8
  0.161  0.00    10.97[9.54..13.05]     54771     124 |   +2.7    +4.1    +9.6   +16.5
  0.059  0.00     6.48[4.02..7.53]     16796     123 |   +0.0    +0.0    +0.3    +0.9
  0.098  0.00     7.10[6.02..10.04]     69695      35 |   +0.3    +0.8    +1.8    +4.2
  0.549  0.81    40.65[32.13..53.21]      1321      23 |  +15.3   +25.4   +60.2   +59.1
  0.078  0.00     5.90[5.02..9.04]     26046      17 |   +0.1    +0.0    +0.8    +1.9
  0.549  0.00    38.37[32.63..40.66]      1114      16 |  +10.1   +15.7   +36.2   +38.2
  0.549  0.02    38.45[33.63..40.16]       512      16 |  +12.0   +18.6   +41.8   +42.9
  0.549  0.80    40.31[32.13..54.71]      1244      15 |  +16.1   +25.5   +63.9   +63.3
  0.549  0.80    40.30[31.62..53.21]      1109      15 |  +18.8   +24.4   +59.7   +56.6
  0.549  0.82    40.58[32.13..52.71]      1454      14 |  +16.0   +25.8   +60.4   +61.1
  0.549  0.81    40.59[32.13..52.20]      1365      14 |  +17.1   +25.6   +64.8   +63.6
  0.549  0.79    40.21[31.62..52.71]       926      14 |  +17.2   +30.4   +62.6   +63.6
  0.549  0.01    38.38[32.63..40.66]       647      14 |  +11.3   +16.9   +39.6   +39.7
  0.549  0.85    39.73[32.13..51.20]      5813      13 |  +20.4   +29.4   +56.5   +57.5
  0.549  0.80    40.57[31.62..52.71]      1117      13 |  +22.0   +31.3   +61.5   +60.9
  0.549  0.04    38.78[33.63..41.16]       372      13 |   +3.4    +1.1    +9.6   +16.6
  0.549  0.06    39.03[34.64..41.16]       320      13 |  +10.2   +13.9   +26.2   +31.6
  0.549  0.04    38.66[34.13..40.66]       402      12 |  +10.8   +16.3   +38.8   +38.5
  0.549  0.83    40.17[32.13..52.20]      1748      11 |  +22.0   +31.4   +61.3   +63.4
  0.549  0.01    38.28[33.63..40.66]       774      11 |  +10.3   +16.5   +40.3   +42.0
  0.549  0.02    38.46[33.63..40.66]       482      11 |  +10.2   +15.7   +35.5   +37.9
  0.549  0.06    39.09[33.63..41.16]       363      11 |   +9.4   +14.2   +36.9   +39.5
  0.549  0.05    38.85[34.64..41.16]       340      11 |  +11.4   +16.8   +37.3   +32.7
  0.549  0.84    39.75[32.13..52.71]      3328      10 |  +21.7   +29.9   +58.3   +59.0
  0.549  0.76    39.66[31.62..54.21]       822      10 |  +20.9   +30.3   +56.7   +59.0
  0.549  0.75    39.87[31.62..53.21]       757      10 |  +16.6   +22.4   +43.9   +45.5
  0.549  0.74    39.31[31.12..52.20]       704      10 |  +12.5   +18.2   +50.6   +55.0
  0.549  0.72    39.02[30.12..53.21]       663      10 |  +21.0   +29.5   +52.8   +56.6
  0.549  0.04    38.61[33.13..40.66]       406      10 |  +11.9   +18.6   +40.9   +43.7
  0.549  0.05    38.88[34.13..40.66]       345      10 |  +10.4   +15.9   +38.2   +39.9
  0.549  0.84    40.02[32.13..52.20]      2228       9 |  +18.1   +27.2   +54.0   +54.0
  0.549  0.82    40.43[32.13..52.71]      1586       9 |  +21.9   +31.2   +70.8   +71.8
  0.549  0.78    39.71[31.62..51.70]       896       9 |  +21.6   +30.1   +60.7   +61.0
  0.549  0.76    39.75[31.12..53.21]       843       9 |  +12.6   +20.0   +50.0   +51.7
  0.549  0.76    39.83[30.62..52.71]       730       9 |  +18.3   +30.6   +56.9   +58.3
  0.549  0.18    33.23[25.60..43.67]       673       9 |  +13.3   +21.8   +42.3   +42.0
  0.549  0.72    38.81[30.62..51.20]       653       9 |  +17.0   +23.7   +40.0   +42.7
  0.549  0.69    39.39[30.12..52.71]       519       9 |   +3.9    +5.1   +16.6   +18.4
  0.549  0.03    38.53[33.63..40.66]       476       9 |  +10.9   +16.5   +39.8   +40.7
  0.549  0.07    39.24[33.13..41.16]       320       9 |   +9.1   +14.9   +36.6   +35.1
  0.549  0.73    39.38[29.62..52.20]       719       8 |  +17.0   +26.7   +54.2   +55.0
  0.549  0.73    39.21[31.12..52.71]       674       8 |  +20.2   +28.5   +47.0   +48.0
  0.549  0.71    39.04[30.12..53.21]       658       8 |  +10.0   +15.9   +41.9   +42.9
  0.549  0.02    38.36[33.13..40.66]       554       8 |  +10.3   +16.5   +37.8   +38.5
  0.549  0.60    37.70[28.61..49.69]       460       8 |  +20.7   +29.2   +57.3   +58.7
  0.549  0.03    38.52[34.13..40.66]       376       8 |  +10.8   +16.5   +41.8   +43.5
  0.549  0.07    39.35[35.14..41.16]       322       8 |  +11.2   +16.7   +39.2   +41.1
  0.549  0.08    39.51[34.13..41.66]       307       8 |  +10.2   +14.9   +38.8   +38.6
  0.549  0.08    39.30[33.13..41.16]       286       8 |   +9.5   +10.4   +29.8   +34.7
  0.549  0.83    40.07[32.13..54.21]      1896       7 |  +16.0   +29.3   +68.1   +67.6
  0.549  0.77    39.57[31.62..52.71]       819       7 |   +5.6    +8.6   +16.5   +18.1
  0.549  0.69    38.87[30.12..52.20]       566       7 |  +22.2   +30.6   +57.1   +55.3
  0.549  0.51    36.38[26.10..49.19]       461       7 |  +17.1   +24.0   +57.2   +58.7
  0.549  0.60    38.21[28.61..50.70]       457       7 |  +18.9   +27.3   +59.5   +61.9
  0.549  0.45    36.90[26.10..49.19]       404       7 |  +16.2   +23.7   +38.8   +37.7
  0.549  0.33    35.24[25.60..46.18]       377       7 |   +8.7   +12.6   +23.9   +24.0
  0.549  0.05    39.01[34.13..40.66]       331       7 |  +11.2   +16.7   +39.9   +42.8
  0.549  0.84    39.85[32.13..51.70]      2624       6 |  +20.8   +29.5   +58.3   +59.2
  0.549  0.78    39.89[32.13..52.71]       958       6 |  +13.8   +20.6   +58.4   +58.5
  0.549  0.78    39.85[31.12..53.21]       915       6 |  +11.5   +18.8   +59.5   +57.8
  0.549  0.77    39.65[30.62..52.71]       824       6 |  +21.2   +30.4   +55.9   +56.1
  0.549  0.75    39.63[31.12..52.71]       765       6 |  +12.4   +17.7   +53.8   +65.2
  0.549  0.17    32.63[25.60..43.17]       685       6 |  +11.9   +19.3   +41.8   +41.8
  0.549  0.18    33.30[25.60..43.67]       625       6 |  +15.0   +22.2   +42.3   +42.7
  0.549  0.62    38.04[28.61..52.20]       500       6 |  +19.8   +29.0   +63.4   +62.7
  0.549  0.51    36.35[26.10..49.19]       464       6 |  +18.1   +25.7   +40.9   +49.2
  0.549  0.50    36.75[26.60..48.69]       463       6 |  +19.0   +27.5   +45.9   +46.7
  0.620  0.85    44.21[40.16..52.71]        85       6 |  +11.6   +24.9   +37.7   +41.0
  0.549  0.13    29.47[25.60..42.67]      1123       5 |  +12.9   +19.6   +37.3   +46.8
  0.549  0.79    40.16[32.13..53.21]      1006       5 |  +20.1   +29.7   +66.6   +70.6
  0.549  0.14    30.94[25.60..42.67]       930       5 |  +11.9   +17.5   +35.8   +36.8
  0.549  0.15    31.59[25.60..43.17]       758       5 |   +9.9   +17.6   +41.9   +42.2
  0.549  0.75    39.45[30.12..52.71]       714       5 |  +16.6   +25.5   +73.3   +71.6
  0.549  0.73    39.31[30.62..53.21]       659       5 |  +20.9   +29.3   +58.4   +56.5
  0.549  0.18    33.04[25.60..43.67]       651       5 |  +14.9   +23.5   +42.2   +41.5
  0.549  0.20    33.32[25.60..44.17]       570       5 |  +10.4   +15.1   +34.1   +33.6
  0.549  0.68    39.19[29.62..51.70]       521       5 |  +19.8   +28.7   +50.0   +48.2
  0.549  0.59    37.48[28.11..52.20]       495       5 |  +19.8   +28.7   +46.5   +46.2
  0.549  0.55    36.39[27.11..49.19]       487       5 |  +18.7   +22.8   +45.8   +50.2
  0.549  0.64    38.45[29.11..52.20]       483       5 |   +5.8   +18.9   +50.0   +45.6
  0.549  0.66    39.24[29.11..52.20]       468       5 |  +16.4   +23.3   +53.1   +54.6
  0.549  0.63    38.21[29.11..51.70]       459       5 |  +16.4   +24.7   +42.0   +40.2
  0.549  0.24    33.35[25.60..44.67]       441       5 |  +19.2   +27.6   +56.3   +62.4
  0.549  0.32    35.39[25.60..46.68]       417       5 |  +13.6   +20.1   +33.6   +32.9
  0.549  0.42    36.72[26.10..48.19]       403       5 |  +12.6   +28.9   +57.9   +58.6
  0.549  0.48    36.83[26.60..49.19]       391       5 |  +17.8   +24.7   +42.9   +42.5
  0.549  0.38    36.20[25.60..47.18]       360       5 |  +17.7   +25.4   +40.4   +38.7
  0.549  0.44    36.27[26.60..48.69]       358       5 |  +15.9   +21.3   +42.1   +49.0
  0.549  0.37    36.24[25.60..47.18]       335       5 |   +3.7    +5.0   +18.9   +35.3
  0.620  0.85    43.14[40.66..48.69]        20       5 |  +19.9   +23.2   +34.2   +33.5
  0.549  0.82    40.36[32.13..53.71]      1629       4 |  +17.8   +29.5   +64.4   +63.3
  0.549  0.13    28.64[25.60..42.67]      1576       4 |  +15.8   +23.3   +49.7   +53.2
  0.549  0.14    30.33[25.60..42.67]       994       4 |  +12.3   +19.7   +40.4   +40.5
  0.549  0.74    39.34[30.12..52.71]       700       4 |  +20.9   +29.2   +55.6   +55.8
  0.549  0.19    32.95[25.60..43.67]       580       4 |  +17.3   +25.7   +55.0   +56.3
  0.549  0.20    32.86[25.60..44.17]       580       4 |  +11.6   +22.7   +53.6   +56.8
  0.549  0.67    38.79[29.62..52.20]       555       4 |  +19.2   +28.6   +45.1   +48.5
  0.549  0.70    38.79[29.62..53.21]       547       4 |  +17.4   +26.2   +46.3   +45.2
  0.549  0.65    38.71[29.11..51.70]       532       4 |  +20.4   +30.4   +51.8   +50.7
  0.549  0.64    38.52[28.61..51.70]       524       4 |  +18.4   +25.7   +45.9   +44.9
  0.549  0.65    38.51[29.11..52.20]       508       4 |  +20.7   +29.2   +50.7   +50.4
  0.549  0.52    36.51[26.60..49.69]       503       4 |  +19.7   +28.2   +52.4   +52.7
  0.549  0.62    38.27[28.61..51.70]       495       4 |  +20.7   +29.2   +42.9   +40.9
  0.549  0.64    38.31[28.61..51.70]       490       4 |  +18.7   +28.4   +45.6   +44.7
  0.549  0.51    36.08[26.10..50.20]       486       4 |  +19.8   +29.0   +59.4   +62.3
  0.549  0.54    36.29[27.61..49.69]       464       4 |  +18.1   +30.9   +61.3   +64.7
  0.549  0.56    37.19[28.11..50.20]       462       4 |  +18.4   +26.5   +55.0   +57.4
  0.549  0.62    38.09[28.61..50.20]       459       4 |  +22.0   +30.6   +51.5   +50.6
  0.549  0.53    36.50[26.10..50.70]       459       4 |  +28.5   +39.0   +67.9   +66.9
  0.549  0.31    34.92[25.60..45.68]       457       4 |  +14.5   +20.5   +59.0   +60.2
  0.549  0.48    36.41[26.60..48.69]       448       4 |  +23.5   +31.8   +45.5   +45.2
  0.549  0.61    38.22[28.61..51.20]       442       4 |  +19.2   +27.6   +42.9   +41.4
  0.549  0.57    37.12[28.11..50.20]       433       4 |  +21.9   +31.5   +53.5   +51.8
  0.549  0.47    36.85[26.10..48.69]       427       4 |  +14.2   +17.2   +38.0   +28.7
  0.549  0.47    36.72[26.10..49.19]       420       4 |  +17.0   +24.7   +44.5   +43.7
  0.549  0.29    34.03[25.60..45.68]       389       4 |  +21.4   +30.2   +59.5   +63.3
  0.549  0.39    36.09[25.60..47.18]       380       4 |  +18.6   +27.8   +43.2   +42.2
  0.549  0.40    36.76[26.10..48.19]       346       4 |  +21.5   +29.9   +51.0   +52.7
  0.549  0.40    36.77[26.10..48.69]       340       4 |  +17.2   +24.9   +39.6   +38.7
  0.549  0.07    39.25[32.63..41.16]       308       4 |   +9.8   +15.5   +39.8   +36.4
  0.549  0.09    39.69[33.13..41.66]       296       4 |   +9.4   +14.5   +36.2   +37.8
  0.549  0.10    39.79[29.62..41.66]       296       4 |   +7.6   +14.9   +38.3   +32.6
  0.549  0.12    40.13[28.61..42.67]       276       4 |  +11.9   +16.7   +44.1   +45.6
  0.549  0.09    39.40[33.63..41.66]       273       4 |  +12.9   +18.4   +39.7   +41.7
  0.949  0.85    69.06[61.24..82.82]       220       4 |  +10.6   +15.2   +28.8   +28.0
  0.549  0.15    31.75[25.60..43.17]       804       3 |   +2.9    +6.6   +21.1   +24.4
  0.549  0.15    30.93[25.60..42.67]       798       3 |  +14.5   +26.3   +31.1   +27.9
  0.549  0.16    32.40[25.60..43.17]       739       3 |  +12.2   +18.5   +38.2   +37.5
  0.549  0.16    32.84[25.60..43.17]       696       3 |  +14.5   +22.5   +52.6   +52.8
  0.549  0.17    32.87[25.60..43.67]       682       3 |  +16.9   +24.7   +41.3   +40.7
  0.549  0.71    38.95[30.12..53.71]       611       3 |  +10.6   +15.2   +42.3   +39.9
  0.549  0.19    33.20[25.60..43.67]       595       3 |   +9.6   +14.8   +40.6   +40.7
  0.549  0.70    39.06[30.12..53.71]       592       3 |  +16.2   +23.0   +72.4   +71.8
  0.549  0.67    38.86[30.12..50.70]       523       3 |   +4.7   +21.6   +38.4   +39.8
  0.549  0.55    36.74[27.11..50.20]       515       3 |  +14.9   +21.5   +52.8   +52.6
  0.549  0.24    33.60[25.60..44.67]       515       3 |  +16.7   +23.4   +41.8   +44.7
  0.549  0.65    38.60[29.11..51.20]       489       3 |  +18.8   +27.5   +58.2   +58.0
  0.549  0.25    33.96[25.60..44.67]       476       3 |  +15.8   +25.0   +42.1   +41.2
  0.549  0.63    38.59[28.61..51.70]       462       3 |  +16.2   +23.7   +45.5   +47.6
  0.549  0.27    34.36[25.60..45.18]       458       3 |  +11.6   +17.8   +39.8   +39.7
  0.549  0.58    37.28[27.61..49.69]       458       3 |  +19.0   +27.7   +59.3   +59.4
  0.549  0.26    34.55[25.60..44.67]       458       3 |  +15.8   +25.2   +41.5   +40.7
  0.549  0.57    37.72[27.11..50.20]       452       3 |  +21.5   +31.0   +59.3   +60.9
  0.549  0.50    36.84[26.60..50.20]       448       3 |  +16.1   +29.1   +56.5   +57.6
  0.549  0.27    34.62[25.60..45.18]       447       3 |  +15.7   +23.5   +39.8   +38.8
  0.549  0.60    37.69[28.11..50.70]       445       3 |  +14.6   +22.3   +35.9   +34.9
  0.549  0.61    38.41[28.61..50.70]       442       3 |  +15.6   +22.4   +51.3   +52.0
  0.549  0.31    35.36[25.60..45.68]       440       3 |  +17.0   +25.2   +62.2   +58.5
  0.549  0.56    37.53[27.61..50.20]       422       3 |  +11.4   +15.1   +45.0   +48.3
  0.549  0.56    37.31[27.61..50.20]       416       3 |   +3.0    +4.0   +14.0   +16.1
  0.549  0.26    34.40[25.60..44.67]       415       3 |  +14.2   +20.9   +37.8   +37.1
  0.549  0.58    37.40[28.11..50.70]       413       3 |   +7.6   +12.4   +26.7   +25.8
  0.549  0.45    36.39[26.10..48.19]       408       3 |  +19.7   +26.4   +50.2   +54.4
  0.549  0.29    34.28[25.60..45.68]       400       3 |  +17.2   +24.9   +45.1   +44.7
  0.549  0.46    36.62[26.60..49.19]       399       3 |   +7.6   +13.4   +40.9   +39.7
  0.549  0.59    37.44[28.11..51.20]       398       3 |  +21.4   +30.1   +58.3   +59.4
  0.549  0.35    35.70[25.60..46.68]       395       3 |  +14.8   +22.0   +41.4   +40.6
  0.549  0.40    36.34[25.60..47.69]       368       3 |  +27.8   +37.6   +60.9   +63.1
  0.549  0.36    36.16[25.60..47.18]       364       3 |  +18.7   +26.0   +39.5   +38.0
  0.549  0.41    36.30[26.10..47.69]       363       3 |   +6.6   +17.4   +55.2   +54.4
  0.549  0.44    36.80[26.10..48.19]       350       3 |  +10.7   +14.7   +33.0   +32.1
  0.549  0.36    36.53[25.60..47.18]       345       3 |  +18.0   +26.4   +39.6   +43.5
  0.549  0.41    36.12[26.10..47.18]       336       3 |  +18.8   +27.3   +49.5   +50.4
  0.549  0.11    39.93[31.62..42.16]       275       3 |  +11.9   +16.7   +31.7   +33.3
  0.549  0.11    39.82[34.13..42.16]       266       3 |   +2.7    -3.1   +30.8   +33.6
  0.549  0.13    27.76[25.60..42.67]      2547       2 |   +5.2   +10.1   +22.6   +21.2
  0.549  0.16    32.14[25.60..43.17]       724       2 |  +39.7   +57.7   +84.3   +86.5
  0.549  0.71    38.61[30.62..52.20]       629       2 |  +26.6   +61.8   +84.0   +82.8
  0.549  0.68    38.85[29.62..52.71]       564       2 |  +29.2   +40.7   +58.7   +56.8
  0.549  0.20    33.52[25.60..44.17]       548       2 |  +13.9   +21.7   +64.0   +68.6
  0.549  0.21    33.21[25.60..43.67]       544       2 |  +16.7   +22.2   +50.7   +49.1
  0.549  0.67    38.52[29.62..51.70]       541       2 |   +2.3    +4.3   +14.6   +15.4
  0.549  0.22    32.89[25.60..43.67]       533       2 |  +18.4   +26.2   +50.6   +55.9
  0.549  0.22    33.55[25.60..44.17]       525       2 |  +19.9   +28.5   +57.9   +65.1
  0.549  0.52    36.18[26.10..49.19]       499       2 |  +19.7   +27.4   +44.7   +43.9
  0.549  0.53    36.89[27.11..49.69]       488       2 |  +18.9   +26.4   +45.8   +44.6
  0.549  0.54    36.61[27.11..50.20]       485       2 |  +20.7   +29.0   +53.4   +53.7
  0.549  0.66    38.68[29.11..52.20]       477       2 |  +45.2   +65.0   +57.3   +43.4
  0.549  0.53    36.74[27.11..49.69]       460       2 |  +20.2   +28.9   +52.0   +51.3
  0.549  0.55    36.91[27.61..50.70]       448       2 |  +20.7   +29.2   +55.1   +55.6
  0.549  0.29    34.65[25.60..45.18]       439       2 |  +37.9   +46.9   +75.4   +74.6
  0.549  0.30    35.23[25.60..45.68]       429       2 |  +21.6   +27.0   +40.2   +40.4
  0.549  0.32    35.36[25.60..45.68]       426       2 |  +17.7   +27.3   +57.3   +58.5
  0.549  0.33    35.08[25.60..46.18]       413       2 |  +18.7   +26.3   +40.5   +39.7
  0.549  0.27    34.13[25.60..45.68]       410       2 |  +21.6   +30.1   +58.4   +63.7
  0.549  0.30    34.76[25.60..45.68]       396       2 |  +17.0   +25.4   +41.6   +43.3
  0.549  0.38    36.51[26.10..47.18]       380       2 |  +16.9   +24.4   +42.0   +52.1
  0.549  0.43    36.45[26.10..47.69]       376       2 |  +18.0   +26.4   +39.8   +38.9
  0.549  0.42    36.99[26.10..47.69]       356       2 |  +17.7   +25.5   +46.1   +44.4
  0.549  0.43    36.65[26.10..47.69]       354       2 |  +17.2   +24.6   +40.6   +39.9
  0.549  0.36    35.71[25.60..46.68]       342       2 |   +8.6   +18.7   +42.3   +44.9
  0.549  0.42    36.67[26.10..47.69]       341       2 |  +13.6   +20.3   +35.7   +35.0
  0.549  0.35    35.88[25.60..46.68]       335       2 |  +26.4   +33.1   +51.5   +50.7
  0.549  0.09    39.68[35.64..41.66]       282       2 |  +15.0   +24.9   +50.2   +52.9
  0.549  0.10    39.83[32.13..42.16]       254       2 |   +2.9    +5.9   +21.1   +23.8
  0.549  0.69    39.03[29.62..53.21]       561       1 |  +19.9   +28.2   +50.8   +50.9
  0.549  0.21    33.21[25.60..44.17]       550       1 |  +27.8   +41.1   +79.2   +78.4
  0.549  0.23    33.26[25.60..44.67]       545       1 |  +14.9   +23.4   +40.3   +39.5
  0.549  0.22    33.38[25.60..44.17]       540       1 |   +4.2    +8.9   +20.4   +19.6
  0.549  0.23    32.98[25.60..44.17]       515       1 |  +13.9   +20.4   +57.2   +61.5
  0.549  0.24    32.87[25.60..44.67]       499       1 |   +3.6    +5.4   +13.6   +12.2
  0.549  0.58    37.37[27.61..50.70]       484       1 |   +1.1   +27.6   +57.4   +57.7
  0.549  0.25    33.54[25.60..44.67]       473       1 |  +13.3   +17.4   +43.2   +46.2
  0.549  0.28    34.55[25.60..45.18]       445       1 |  +16.2   +22.9   +41.0   +39.4
  0.549  0.49    36.92[26.10..49.19]       441       1 |   +8.9   +12.8   +23.2   +30.6
  0.549  0.47    36.36[26.10..49.19]       427       1 |  +18.9   +27.5   +46.3   +45.4
  0.549  0.46    36.81[26.10..48.69]       422       1 |  +21.5   +30.0   +50.1   +49.4
  0.549  0.28    34.64[25.60..45.68]       419       1 |  +13.4   +20.9   +37.0   +36.2
  0.549  0.33    34.70[25.60..46.18]       408       1 |   +4.6    +7.4   +20.0   +23.4
  0.549  0.44    36.73[26.10..48.69]       404       1 |   +9.5   +13.4   +23.5   +19.1
  0.549  0.31    35.05[25.60..45.68]       395       1 |  -18.0   +28.7   +48.0   +47.2
  0.549  0.45    36.71[26.60..48.19]       390       1 |   +4.0    +5.9    +2.3    +0.8
  0.549  0.39    36.49[25.60..47.18]       370       1 |   +8.6   +21.6   +57.1   +56.0
  0.549  0.34    34.42[25.60..46.68]       365       1 |  +14.4   +21.9   +35.2   +34.2
  0.549  0.38    35.64[25.60..47.18]       319       1 |  +22.4   +30.9   +60.0   +61.4
  0.898  0.85    60.06[52.71..73.79]       267       1 |   +1.0    +1.8    +5.7    +4.9
  0.549  0.12    40.11[36.14..42.16]       262       1 |  +18.6   +26.1   +54.0   +53.9
  0.161  0.00    11.04[11.04..11.04]         2       1 |   +4.0    +5.8   +12.6   +20.5
  (+ 1358 classes present but with no lobe-saturated pixel: uSpec 0.42, 0.32, 0.04, 0.20, 0.05, 0.15, 0.20, 0.55, 0.55, 0.15, 0.55, 0.16, 0.55, 0.55, 0.10, 0.55, 0.11, 0.09, 0.12, 0.08, 0.20, 0.55, 0.09, 0.09, 0.15, 0.55, 0.13, 0.04, 0.07, 0.20, 0.20, 0.05, 0.27, 0.26, 0.13, 0.17, 0.21, 0.34, 0.07, 0.95, 0.45, 0.36, 0.18, 0.49, 0.35, 0.16, 0.20, 0.11, 0.95, 0.06, 0.37, 0.44, 0.07, 0.28, 0.18, 0.24, 0.38, 0.95, 0.11, 0.45, 0.20, 0.13, 0.49, 0.20, 0.35, 0.18, 0.29, 0.90, 0.95, 0.40, 0.20, 0.20, 0.18, 0.45, 0.05, 0.20, 0.17, 0.95, 0.90, 0.20, 0.95, 0.20, 0.20, 0.36, 0.95, 0.31, 0.24, 0.22, 0.45, 0.20, 0.20, 0.20, 0.20, 0.95, 0.90, 0.52, 0.95, 0.35, 0.20, 0.29, 0.95, 0.95, 0.18, 0.43, 0.20, 0.95, 0.20, 0.20, 0.20, 0.26, 0.19, 0.29, 0.49, 0.29, 0.95, 0.95, 0.20, 0.20, 0.42, 0.49, 0.49, 0.90, 0.33, 0.20, 0.20, 0.20, 0.20, 0.20, 0.23, 0.20, 0.20, 0.20, 0.20, 0.45, 0.95, 0.20, 0.20, 0.47, 0.95, 0.20, 0.90, 0.20, 0.20, 0.25, 0.20, 0.95, 0.90, 0.95, 0.20, 0.90, 0.20, 0.18, 0.20, 0.20, 0.20, 0.20, 0.20, 0.20, 0.20, 0.17, 0.95, 0.95, 0.20, 0.25, 0.20, 0.20, 0.20, 0.20, 0.31, 0.49, 0.55, 0.49, 0.90, 0.20, 0.90, 0.90, 0.20, 0.20, 0.20, 0.20, 0.18, 0.14, 0.33, 0.44, 0.69, 0.20, 0.20, 0.20, 0.20, 0.20, 0.20, 0.04, 0.38, 0.55, 0.52, 0.49, 0.55, 0.44, 0.30, 0.50, 0.36, 0.31, 0.29, 0.20, 0.46, 0.95, 0.20, 0.20, 0.20, 0.20, 0.20, 0.20, 0.20, 0.20, 0.20, 0.20, 0.20, 0.25, 0.29, 0.38, 0.20, 0.20, 0.24, 0.62, 0.30, 0.30, 0.55, 0.55, 0.49, 0.49, 0.44, 0.44, 0.44, 0.44, 0.70, 0.45, 0.29, 0.38, 0.38, 0.20, 0.20, 0.20, 0.95, 0.20, 0.20, 0.90, 0.20, 0.20, 0.20, 0.90, 0.20, 0.20, 0.25, 0.20, 0.20, 0.38, 0.20, 0.38, 0.49, 0.55, 0.55, 0.45, 0.55, 0.55, 0.55, 0.55, 0.74, 0.49, 0.52, 0.44, 0.44, 0.44, 0.44, 0.44, 0.50, 0.38, 0.29, 0.46, 0.29, 0.38, 0.20, 0.18, 0.69, 0.20, 0.20, 0.35, 0.20, 0.35, 0.46, 0.20, 0.38, 0.46, 0.38, 0.38, 0.46, 0.38, 0.45, 0.17, 0.29, 0.29, 0.29, 0.35, 0.17, 0.42, 0.42, 0.62, 0.52, 0.49, 0.52, 0.52, 0.30, 0.45, 0.55, 0.55, 0.45, 0.55, 0.55, 0.55, 0.43, 0.43, 0.49, 0.49, 0.44, 0.44, 0.44, 0.44, 0.49, 0.44, 0.44, 0.27, 0.49, 0.44, 0.46, 0.29, 0.46, 0.38, 0.46, 0.29, 0.29, 0.38, 0.20, 0.20, 0.90, 0.95, 0.95, 0.95, 0.20, 0.20, 0.20, 0.20, 0.20, 0.20, 0.25, 0.35, 0.45, 0.45, 0.35, 0.35, 0.35, 0.25, 0.35, 0.20, 0.35, 0.25, 0.45, 0.25, 0.38, 0.04, 0.46, 0.38, 0.29, 0.33, 0.20, 0.38, 0.29, 0.24, 0.38, 0.46, 0.38, 0.45, 0.29, 0.29, 0.42, 0.42, 0.17, 0.17, 0.29, 0.29, 0.35, 0.42, 0.35, 0.17, 0.29, 0.45, 0.26, 0.26, 0.34, 0.25, 0.45, 0.45, 0.52, 0.17, 0.45, 0.52, 0.49, 0.18, 0.52, 0.55, 0.55, 0.55, 0.55, 0.55, 0.55, 0.55, 0.55, 0.55, 0.55, 0.55, 0.55, 0.55, 0.55, 0.55, 0.55, 0.55, 0.55, 0.55, 0.55, 0.31, 0.43, 0.43, 0.20, 0.43, 0.43, 0.35, 0.35, 0.45, 0.18, 0.30, 0.30, 0.30, 0.42, 0.42, 0.49, 0.52, 0.49, 0.44, 0.44, 0.44, 0.44, 0.44, 0.44, 0.44, 0.44, 0.49, 0.45, 0.44, 0.44, 0.44, 0.44, 0.50, 0.30, 0.70, 0.44, 0.44, 0.36, 0.26, 0.29, 0.38, 0.29, 0.38, 0.46, 0.29, 0.46, 0.31, 0.29, 0.29, 0.38, 0.38, 0.29, 0.29, 0.29, 0.29, 0.38, 0.38, 0.38, 0.20, 0.20, 0.95, 0.95, 0.47, 0.20, 0.29, 0.26, 0.35, 0.45, 0.45, 0.18, 0.20, 0.55, 0.20, 0.35, 0.25, 0.45, 0.35, 0.38, 0.20, 0.29, 0.38, 0.38, 0.46, 0.38, 0.29, 0.38, 0.29, 0.38, 0.38, 0.46, 0.29, 0.38, 0.20, 0.29, 0.38, 0.46, 0.25, 0.35, 0.17, 0.29, 0.29, 0.29, 0.29, 0.42, 0.43, 0.29, 0.29, 0.42, 0.18, 0.18, 0.42, 0.35, 0.25, 0.29, 0.25, 0.17, 0.25, 0.45, 0.36, 0.36, 0.36, 0.26, 0.45, 0.36, 0.36, 0.26, 0.36, 0.36, 0.35, 0.35, 0.24, 0.35, 0.29, 0.45, 0.25, 0.49, 0.50, 0.24, 0.17, 0.29, 0.45, 0.45, 0.35, 0.45, 0.24, 0.52, 0.49, 0.52, 0.29, 0.42, 0.52, 0.30, 0.25, 0.52, 0.42, 0.55, 0.55, 0.55, 0.55, 0.55, 0.55, 0.55, 0.55, 0.55, 0.55, 0.55, 0.55, 0.55, 0.55, 0.55, 0.55, 0.55, 0.55, 0.55, 0.55, 0.55, 0.55, 0.55, 0.55, 0.55, 0.55, 0.55, 0.55, 0.55, 0.55, 0.55, 0.55, 0.55, 0.55, 0.55, 0.55, 0.36, 0.55, 0.55, 0.55, 0.55, 0.55, 0.31, 0.20, 0.31, 0.43, 0.43, 0.43, 0.31, 0.31, 0.20, 0.58, 0.41, 0.58, 0.35, 0.43, 0.35, 0.24, 0.24, 0.52, 0.49, 0.45, 0.49, 0.31, 0.49, 0.30, 0.31, 0.42, 0.08, 0.14, 0.30, 0.42, 0.45, 0.18, 0.30, 0.30, 0.42, 0.30, 0.30, 0.42, 0.30, 0.30, 0.30, 0.49, 0.45, 0.49, 0.45, 0.52, 0.52, 0.49, 0.49, 0.52, 0.52, 0.52, 0.52, 0.45, 0.44, 0.44, 0.49, 0.44, 0.44, 0.44, 0.44, 0.44, 0.44, 0.44, 0.31, 0.33, 0.49, 0.49, 0.49, 0.49, 0.45, 0.49, 0.49, 0.49, 0.38, 0.49, 0.38, 0.49, 0.44, 0.44, 0.44, 0.44, 0.44, 0.38, 0.38, 0.50, 0.44, 0.49, 0.44, 0.44, 0.26, 0.45, 0.45, 0.29, 0.29, 0.46, 0.46, 0.45, 0.36, 0.46, 0.46, 0.43, 0.38, 0.46, 0.46, 0.46, 0.46, 0.38, 0.46, 0.46, 0.29, 0.46, 0.46, 0.29, 0.38, 0.46, 0.46, 0.29, 0.29, 0.29, 0.29, 0.29, 0.29, 0.29, 0.29, 0.29, 0.29, 0.38, 0.38, 0.69, 0.29, 0.47, 0.47, 0.47, 0.69, 0.47, 0.51, 0.20, 0.38, 0.28, 0.51, 0.28, 0.38, 0.73, 0.51, 0.38, 0.19, 0.19, 0.19, 0.19, 0.18, 0.18, 0.16, 0.16, 0.20, 0.36, 0.19, 0.45, 0.19, 0.19, 0.19, 0.16, 0.16, 0.35, 0.55, 0.16, 0.55, 0.55, 0.45, 0.75, 0.45, 0.20, 0.35, 0.35, 0.35, 0.35, 0.35, 0.45, 0.20, 0.38, 0.29, 0.38, 0.46, 0.46, 0.46, 0.46, 0.29, 0.46, 0.46, 0.29, 0.38, 0.38, 0.38, 0.20, 0.46, 0.29, 0.29, 0.29, 0.46, 0.38, 0.46, 0.29, 0.46, 0.38, 0.33, 0.29, 0.29, 0.38, 0.38, 0.38, 0.46, 0.20, 0.38, 0.38, 0.38, 0.38, 0.29, 0.20, 0.38, 0.38, 0.46, 0.38, 0.46, 0.46, 0.38, 0.46, 0.46, 0.38, 0.46, 0.19, 0.19, 0.18, 0.18, 0.16, 0.16, 0.38, 0.46, 0.75, 0.29, 0.42, 0.95, 0.17, 0.17, 0.17, 0.29, 0.29, 0.42, 0.18, 0.31, 0.43, 0.43, 0.29, 0.43, 0.43, 0.18, 0.18, 0.43, 0.18, 0.18, 0.43, 0.29, 0.18, 0.18, 0.43, 0.43, 0.43, 0.29, 0.42, 0.43, 0.18, 0.45, 0.43, 0.43, 0.18, 0.45, 0.29, 0.45, 0.45, 0.35, 0.35, 0.25, 0.17, 0.42, 0.29, 0.29, 0.42, 0.42, 0.45, 0.29, 0.42, 0.42, 0.35, 0.35, 0.25, 0.25, 0.25, 0.29, 0.42, 0.17, 0.29, 0.26, 0.45, 0.36, 0.26, 0.45, 0.45, 0.36, 0.36, 0.26, 0.26, 0.45, 0.45, 0.45, 0.36, 0.36, 0.36, 0.26, 0.26, 0.45, 0.45, 0.45, 0.42, 0.36, 0.36, 0.26, 0.45, 0.45, 0.25, 0.25, 0.35, 0.25, 0.48, 0.35, 0.45, 0.35, 0.48, 0.32, 0.62, 0.45, 0.35, 0.45, 0.35, 0.35, 0.35, 0.35, 0.52, 0.29, 0.45, 0.35, 0.29, 0.29, 0.50, 0.35, 0.42, 0.42, 0.52, 0.45, 0.42, 0.17, 0.45, 0.45, 0.35, 0.35, 0.24, 0.45, 0.35, 0.35, 0.45, 0.49, 0.45, 0.42, 0.42, 0.49, 0.52, 0.52, 0.52, 0.17, 0.29, 0.29, 0.42, 0.42, 0.30, 0.42, 0.45, 0.49, 0.49, 0.30, 0.18, 0.52, 0.52, 0.36, 0.36, 0.36, 0.36, 0.36, 0.30, 0.55, 0.55, 0.55, 0.55, 0.55, 0.45, 0.55, 0.55, 0.55, 0.55, 0.55, 0.55, 0.55, 0.55, 0.55, 0.55, 0.55, 0.45, 0.45, 0.39, 0.55, 0.55, 0.55, 0.55, 0.55, 0.55, 0.55, 0.55, 0.31, 0.31, 0.31, 0.31, 0.26, 0.55, 0.55, 0.55, 0.55, 0.55, 0.55, 0.55, 0.55, 0.45, 0.55, 0.55, 0.55, 0.55, 0.55, 0.36, 0.55, 0.55, 0.55, 0.55, 0.55, 0.55, 0.55, 0.55, 0.55, 0.55, 0.55, 0.55, 0.26, 0.26, 0.26, 0.26, 0.26, 0.26, 0.55, 0.55, 0.55, 0.27, 0.55, 0.43, 0.43, 0.31, 0.31, 0.20, 0.20, 0.16, 0.43, 0.31, 0.31, 0.43, 0.43, 0.43, 0.43, 0.43, 0.43, 0.43, 0.43, 0.43, 0.43, 0.43, 0.43, 0.43, 0.43, 0.43, 0.43, 0.43, 0.43, 0.43, 0.43, 0.43, 0.43, 0.43, 0.43, 0.43, 0.43, 0.43, 0.20, 0.43, 0.43, 0.90, 0.90, 0.74, 0.74, 0.74, 0.35, 0.45, 0.45, 0.43, 0.43, 0.43, 0.45, 0.45, 0.35, 0.21, 0.26, 0.45, 0.45, 0.45, 0.45, 0.45, 0.45, 0.49, 0.49, 0.45, 0.20, 0.20, 0.31, 0.36, 0.45, 0.49, 0.31, 0.43, 0.43, 0.49, 0.45, 0.30, 0.30, 0.30, 0.52, 0.30, 0.33, 0.31, 0.31, 0.43, 0.43, 0.24, 0.35, 0.35, 0.45, 0.35, 0.35, 0.45, 0.35, 0.31, 0.43, 0.42, 0.43, 0.42, 0.18, 0.18, 0.42, 0.30, 0.30, 0.42, 0.42, 0.42, 0.30, 0.42, 0.42, 0.30, 0.42, 0.42, 0.49, 0.40, 0.40, 0.47, 0.30, 0.30, 0.49, 0.52, 0.49, 0.49, 0.45, 0.45, 0.45, 0.49, 0.52, 0.52, 0.52, 0.52, 0.45, 0.52, 0.52, 0.45, 0.49, 0.45, 0.52, 0.52, 0.52, 0.49, 0.52, 0.52, 0.52, 0.52, 0.49, 0.52, 0.49, 0.52, 0.49, 0.52, 0.44, 0.44, 0.44, 0.38, 0.49, 0.38, 0.49, 0.44, 0.44, 0.44, 0.44, 0.44, 0.44, 0.44, 0.31, 0.31, 0.31, 0.31, 0.31, 0.43, 0.31, 0.31, 0.31, 0.31, 0.33, 0.33, 0.44, 0.33, 0.33, 0.44, 0.49, 0.49, 0.52, 0.49, 0.49, 0.49, 0.49, 0.49, 0.49, 0.49, 0.49, 0.49, 0.49, 0.49, 0.49, 0.52, 0.52, 0.52, 0.49, 0.52, 0.52, 0.49, 0.38, 0.49, 0.38, 0.49, 0.45, 0.49, 0.52, 0.52, 0.49, 0.49, 0.49, 0.44, 0.38, 0.49, 0.49, 0.44, 0.49, 0.38, 0.49, 0.49, 0.44, 0.49, 0.44, 0.49, 0.44, 0.49, 0.44, 0.49, 0.49, 0.44, 0.49, 0.38, 0.49, 0.44, 0.49, 0.38, 0.49, 0.50, 0.50, 0.50, 0.49, 0.44, 0.49, 0.49, 0.44, 0.38, 0.49, 0.38, 0.44, 0.44, 0.49, 0.44, 0.49, 0.44, 0.44, 0.49, 0.38, 0.44, 0.49, 0.49, 0.44, 0.49, 0.38, 0.49)

  temple
  uSpec  metal   glossP mean[min..max]   class px   satPx |  n035    n050    n100   n050k
  0.039  0.00     5.02[5.02..5.02]       822     822 |   +0.1    +0.1    +0.8    +2.1
  0.161  0.00    11.04[9.54..13.05]     51016      72 |   +3.4    +5.0   +10.8   +19.5
  0.149  0.00    10.74[9.04..12.55]    157244       7 |   +1.5    +2.7    +6.3   +11.8
  0.129  0.00    10.05[8.53..11.04]        49       4 |   +1.0    +1.7    +2.9    +5.4
  0.071  0.00     6.59[6.02..7.03]        30       3 |   +2.7    +0.7    +1.5    +3.9
  (+ 176 classes present but with no lobe-saturated pixel: uSpec 0.14, 0.32, 0.20, 0.06, 0.16, 0.15, 0.15, 0.28, 0.24, 0.09, 0.19, 0.20, 0.16, 0.20, 0.20, 0.24, 0.23, 0.11, 0.20, 0.20, 0.15, 0.25, 0.08, 0.20, 0.20, 0.27, 0.10, 0.20, 0.20, 0.20, 0.20, 0.12, 0.20, 0.20, 0.20, 0.13, 0.10, 0.20, 0.20, 0.20, 0.20, 0.20, 0.20, 0.20, 0.18, 0.20, 0.20, 0.20, 0.20, 0.20, 0.20, 0.20, 0.20, 0.20, 0.09, 0.11, 0.18, 0.20, 0.20, 0.20, 0.20, 0.20, 0.20, 0.20, 0.20, 0.20, 0.20, 0.20, 0.20, 0.20, 0.20, 0.20, 0.20, 0.20, 0.20, 0.20, 0.20, 0.20, 0.20, 0.20, 0.20, 0.20, 0.20, 0.20, 0.20, 0.20, 0.20, 0.20, 0.20, 0.20, 0.08, 0.20, 0.20, 0.20, 0.20, 0.20, 0.19, 0.20, 0.20, 0.20, 0.20, 0.20, 0.20, 0.20, 0.20, 0.20, 0.20, 0.20, 0.20, 0.20, 0.20, 0.20, 0.20, 0.20, 0.20, 0.20, 0.20, 0.20, 0.20, 0.16, 0.18, 0.32, 0.20, 0.16, 0.16, 0.18, 0.18, 0.19, 0.18, 0.18, 0.19, 0.18, 0.20, 0.20, 0.20, 0.20, 0.20, 0.20, 0.20, 0.20, 0.20, 0.20, 0.20, 0.20, 0.20, 0.20, 0.20, 0.20, 0.20, 0.20, 0.20, 0.20, 0.18, 0.17, 0.17, 0.17, 0.16, 0.29, 0.13, 0.17, 0.17, 0.16, 0.09, 0.13, 0.16, 0.13, 0.16, 0.06, 0.09, 0.16, 0.13, 0.16, 0.09, 0.13, 0.16, 0.09)

  courtyard
  uSpec  metal   glossP mean[min..max]   class px   satPx |  n035    n050    n100   n050k
  0.420  0.00    45.00[34.64..51.70]     14340    4489 |  +21.1   +30.1   +59.1   +57.5
  0.059  0.00     4.52[4.02..7.53]      2543     574 |   +0.1    +0.3    +1.1    +4.0
  0.200  0.00    20.10[14.05..24.09]     42802     117 |  +12.6   +18.4   +39.1   +45.7
  0.063  0.00     4.07[4.02..7.53]       186      66 |   +0.0    +0.0    +0.0    +0.7
  0.322  0.00    26.32[21.58..28.11]      2086      47 |   +1.0    +1.9    +4.8    +5.1
  0.898  0.85    60.48[51.20..82.32]      7555      46 |  +14.9   +23.9   +47.5   +45.5
  0.078  0.00     6.07[5.02..9.04]     11239      32 |   +0.0    +0.1    +1.1    +2.0
  0.898  0.85    60.68[52.20..79.31]      1484      12 |  +19.6   +31.5   +46.2   +45.2
  0.898  0.84    60.33[51.70..75.80]       822       4 |   +9.4   +32.7   +58.7   +56.6
  0.898  0.83    59.56[50.70..78.81]       480       4 |  +14.5   +20.2   +63.6   +60.9
  0.898  0.82    59.30[50.20..75.29]       474       4 |  +14.8   +22.6   +35.5   +49.1
  0.898  0.84    60.34[53.21..78.31]       641       3 |   +0.3    +1.0   +11.6    +9.6
  0.251  0.00    20.29[20.08..27.61]       242       3 |   +4.4   +10.0   +22.6   +29.0
  0.949  0.85    70.49[63.25..83.83]        91       3 |   +3.9    +5.7    +8.4    +8.5
  0.949  0.78    64.16[59.73..67.76]        33       3 |   +6.0    +5.6   +10.4   +10.6
  0.549  0.69    38.02[33.63..44.17]        27       3 |  +14.9   +20.4   +48.3   +52.5
  0.898  0.84    60.13[52.71..76.30]       517       2 |  +23.4   +33.8   +48.4   +46.3
  0.898  0.83    59.96[52.20..77.80]       503       2 |  +12.2   +16.2  +101.8  +100.6
  0.898  0.82    59.30[51.70..73.79]       500       2 |   +8.0   +23.6   +49.1   +47.8
  0.898  0.80    57.98[47.18..73.79]       355       2 |   +4.6    +6.6   +20.6   +20.2
  0.549  0.71    38.08[32.13..44.17]        38       2 |  +14.2   +20.5   +43.4   +48.4
  0.949  0.78    63.52[60.24..66.76]        22       2 |   +8.6   +11.7   +19.4   +19.0
  0.898  0.82    58.78[50.20..74.79]       466       1 |   +1.9    +4.0    +6.0    +6.0
  0.898  0.81    58.28[49.19..73.79]       412       1 |  +14.2   +12.6   +22.1   +20.2
  0.898  0.78    57.45[48.19..76.30]       385       1 |   +3.1    +5.7   +34.4   +32.7
  0.898  0.80    57.88[49.19..76.30]       356       1 |  +13.4   +33.4   +50.3   +49.0
  0.898  0.78    57.31[48.69..71.28]       321       1 |   +3.7    +5.9  +121.3  +121.2
  0.898  0.79    57.90[47.69..76.30]       295       1 |  +16.1   +23.7   +80.5   +84.1
  0.898  0.75    59.27[49.69..72.78]       236       1 |  +12.3   +17.2   +67.1   +64.5
  0.902  0.85    58.18[53.71..63.75]       130       1 |  +19.1   +34.1   +61.2   +58.8
  0.949  0.84    68.37[63.25..75.29]        50       1 |   -0.9    +5.1   +13.1   +12.9
  0.620  0.85    48.23[39.65..61.74]        45       1 |   +5.4    -0.5    -7.8    -8.5
  0.549  0.74    38.55[33.13..45.18]        45       1 |   +0.8    +0.8    +9.9   +16.7
  0.549  0.69    38.51[35.14..45.18]        38       1 |  +14.9   +21.2   +49.0   +54.3
  0.549  0.67    37.69[31.12..46.68]        36       1 |  +13.9   +19.6   +40.9   +46.6
  0.549  0.71    37.68[32.13..40.66]        33       1 |  +16.5   +23.3   +39.8   +45.7
  0.949  0.80    65.55[59.23..71.28]        31       1 |   +4.9    +7.1   +18.6   +17.9
  0.949  0.77    62.71[60.24..65.25]        30       1 |   +4.8    +8.2   +17.9   +17.1
  0.549  0.64    37.67[32.13..43.67]        27       1 |   +0.8    +0.8    +8.4   +36.4
  0.549  0.68    37.50[33.13..42.67]        27       1 |  +11.8   +16.4   +47.8   +51.3
  0.949  0.76    62.05[60.24..64.25]        24       1 |   +7.7    +3.8    -2.6    -1.4
  0.949  0.79    64.46[61.74..69.77]        22       1 |   -2.2    +0.8   +38.4   +37.5
  0.949  0.80    64.25[60.74..68.27]        19       1 |   +2.1    +3.8    +6.9    +6.0
  0.949  0.82    67.53[63.75..72.28]        17       1 |   +2.0    +3.0    +7.9    +8.0
  0.949  0.76    60.79[58.23..63.25]         9       1 |   +4.9    +6.9   +18.7   +19.1
  (+ 1034 classes present but with no lobe-saturated pixel: uSpec 0.14, 0.16, 0.04, 0.10, 0.55, 0.55, 0.08, 0.10, 0.90, 0.90, 0.90, 0.90, 0.55, 0.55, 0.90, 0.38, 0.12, 0.90, 0.90, 0.90, 0.73, 0.90, 0.90, 0.55, 0.90, 0.55, 0.95, 0.55, 0.09, 0.90, 0.55, 0.62, 0.55, 0.13, 0.38, 0.55, 0.73, 0.11, 0.38, 0.55, 0.55, 0.55, 0.09, 0.55, 0.07, 0.55, 0.55, 0.55, 0.55, 0.55, 0.55, 0.55, 0.55, 0.95, 0.55, 0.55, 0.55, 0.55, 0.19, 0.55, 0.95, 0.55, 0.55, 0.09, 0.13, 0.55, 0.55, 0.55, 0.38, 0.55, 0.31, 0.55, 0.55, 0.95, 0.18, 0.55, 0.55, 0.55, 0.55, 0.20, 0.55, 0.55, 0.55, 0.55, 0.55, 0.55, 0.15, 0.55, 0.55, 0.55, 0.13, 0.55, 0.55, 0.38, 0.55, 0.55, 0.55, 0.55, 0.55, 0.55, 0.55, 0.55, 0.55, 0.55, 0.55, 0.55, 0.55, 0.73, 0.90, 0.55, 0.55, 0.55, 0.55, 0.55, 0.55, 0.31, 0.95, 0.95, 0.55, 0.55, 0.55, 0.55, 0.55, 0.55, 0.55, 0.55, 0.55, 0.55, 0.16, 0.20, 0.55, 0.55, 0.55, 0.55, 0.55, 0.73, 0.73, 0.55, 0.17, 0.55, 0.55, 0.55, 0.55, 0.55, 0.55, 0.55, 0.55, 0.55, 0.55, 0.55, 0.55, 0.55, 0.05, 0.04, 0.55, 0.55, 0.55, 0.55, 0.55, 0.55, 0.55, 0.55, 0.90, 0.55, 0.55, 0.55, 0.55, 0.55, 0.55, 0.55, 0.55, 0.55, 0.55, 0.55, 0.55, 0.55, 0.55, 0.55, 0.55, 0.55, 0.55, 0.55, 0.55, 0.15, 0.73, 0.55, 0.55, 0.55, 0.55, 0.55, 0.55, 0.55, 0.55, 0.55, 0.55, 0.55, 0.55, 0.55, 0.55, 0.55, 0.55, 0.62, 0.95, 0.55, 0.95, 0.55, 0.55, 0.55, 0.55, 0.55, 0.55, 0.55, 0.55, 0.55, 0.55, 0.55, 0.55, 0.95, 0.95, 0.55, 0.55, 0.55, 0.18, 0.55, 0.05, 0.55, 0.55, 0.55, 0.55, 0.55, 0.55, 0.17, 0.55, 0.55, 0.95, 0.55, 0.55, 0.55, 0.55, 0.45, 0.95, 0.55, 0.55, 0.55, 0.55, 0.55, 0.16, 0.55, 0.55, 0.73, 0.73, 0.55, 0.55, 0.55, 0.55, 0.55, 0.43, 0.18, 0.55, 0.55, 0.55, 0.55, 0.55, 0.55, 0.55, 0.73, 0.95, 0.55, 0.55, 0.55, 0.55, 0.55, 0.55, 0.20, 0.26, 0.55, 0.55, 0.55, 0.55, 0.55, 0.62, 0.73, 0.38, 0.45, 0.55, 0.55, 0.20, 0.16, 0.55, 0.55, 0.73, 0.55, 0.55, 0.95, 0.18, 0.55, 0.35, 0.55, 0.43, 0.90, 0.20, 0.15, 0.73, 0.73, 0.90, 0.52, 0.55, 0.33, 0.43, 0.55, 0.73, 0.73, 0.20, 0.90, 0.90, 0.26, 0.20, 0.20, 0.31, 0.62, 0.73, 0.38, 0.90, 0.90, 0.90, 0.90, 0.90, 0.53, 0.21, 0.44, 0.33, 0.42, 0.90, 0.90, 0.90, 0.45, 0.49, 0.11, 0.20, 0.28, 0.62, 0.90, 0.38, 0.20, 0.20, 0.20, 0.31, 0.62, 0.73, 0.90, 0.90, 0.90, 0.58, 0.38, 0.20, 0.20, 0.20, 0.24, 0.49, 0.49, 0.39, 0.90, 0.90, 0.90, 0.90, 0.36, 0.20, 0.20, 0.20, 0.20, 0.20, 0.49, 0.90, 0.90, 0.90, 0.73, 0.28, 0.27, 0.36, 0.24, 0.35, 0.38, 0.20, 0.36, 0.29, 0.49, 0.45, 0.45, 0.52, 0.49, 0.78, 0.51, 0.90, 0.90, 0.90, 0.90, 0.90, 0.38, 0.73, 0.28, 0.73, 0.87, 0.18, 0.26, 0.36, 0.26, 0.36, 0.39, 0.22, 0.29, 0.31, 0.24, 0.35, 0.20, 0.28, 0.13, 0.20, 0.20, 0.20, 0.20, 0.20, 0.20, 0.46, 0.20, 0.20, 0.29, 0.29, 0.38, 0.38, 0.45, 0.45, 0.49, 0.49, 0.52, 0.75, 0.38, 0.45, 0.49, 0.74, 0.43, 0.90, 0.90, 0.73, 0.73, 0.90, 0.51, 0.95, 0.95, 0.62, 0.52, 0.51, 0.49, 0.43, 0.18, 0.87, 0.45, 0.26, 0.26, 0.52, 0.26, 0.26, 0.51, 0.51, 0.36, 0.55, 0.36, 0.82, 0.56, 0.36, 0.61, 0.45, 0.60, 0.45, 0.45, 0.60, 0.31, 0.24, 0.45, 0.45, 0.24, 0.24, 0.45, 0.31, 0.45, 0.52, 0.23, 0.20, 0.23, 0.20, 0.20, 0.20, 0.20, 0.20, 0.13, 0.20, 0.38, 0.20, 0.46, 0.38, 0.38, 0.29, 0.29, 0.29, 0.20, 0.20, 0.20, 0.18, 0.29, 0.29, 0.29, 0.46, 0.38, 0.46, 0.38, 0.52, 0.52, 0.49, 0.49, 0.52, 0.49, 0.34, 0.49, 0.49, 0.75, 0.75, 0.55, 0.45, 0.36, 0.36, 0.36, 0.24, 0.24, 0.71, 0.55, 0.49, 0.44, 0.44, 0.44, 0.38, 0.45, 0.35, 0.49, 0.52, 0.52, 0.55, 0.49, 0.52, 0.27, 0.40, 0.31, 0.20, 0.90, 0.78, 0.87, 0.39, 0.73, 0.73, 0.90, 0.55, 0.78, 0.87, 0.95, 0.95, 0.95, 0.95, 0.73, 0.55, 0.90, 0.87, 0.87, 0.52, 0.28, 0.73, 0.73, 0.95, 0.43, 0.18, 0.43, 0.43, 0.73, 0.18, 0.18, 0.18, 0.43, 0.87, 0.51, 0.43, 0.43, 0.18, 0.43, 0.43, 0.43, 0.18, 0.18, 0.43, 0.87, 0.43, 0.43, 0.18, 0.18, 0.43, 0.23, 0.43, 0.43, 0.26, 0.26, 0.26, 0.36, 0.36, 0.45, 0.45, 0.45, 0.26, 0.45, 0.45, 0.45, 0.52, 0.49, 0.31, 0.31, 0.26, 0.36, 0.45, 0.45, 0.45, 0.60, 0.49, 0.95, 0.45, 0.45, 0.52, 0.45, 0.36, 0.36, 0.45, 0.45, 0.47, 0.36, 0.39, 0.45, 0.45, 0.51, 0.45, 0.81, 0.73, 0.39, 0.55, 0.82, 0.75, 0.82, 0.56, 0.56, 0.36, 0.56, 0.75, 0.64, 0.74, 0.75, 0.21, 0.82, 0.70, 0.93, 0.50, 0.94, 0.30, 0.91, 0.74, 0.41, 0.73, 0.64, 0.45, 0.60, 0.64, 0.58, 0.64, 0.64, 0.45, 0.45, 0.45, 0.45, 0.45, 0.57, 0.57, 0.64, 0.64, 0.43, 0.18, 0.24, 0.35, 0.35, 0.35, 0.45, 0.45, 0.45, 0.45, 0.64, 0.31, 0.31, 0.31, 0.31, 0.49, 0.24, 0.35, 0.45, 0.45, 0.45, 0.43, 0.31, 0.18, 0.31, 0.71, 0.52, 0.24, 0.24, 0.35, 0.35, 0.35, 0.35, 0.45, 0.45, 0.45, 0.45, 0.45, 0.33, 0.50, 0.24, 0.24, 0.34, 0.58, 0.70, 0.46, 0.71, 0.34, 0.87, 0.30, 0.33, 0.32, 0.87, 0.51, 0.30, 0.20, 0.18, 0.30, 0.55, 0.29, 0.23, 0.20, 0.18, 0.20, 0.20, 0.20, 0.20, 0.38, 0.16, 0.31, 0.26, 0.20, 0.20, 0.20, 0.38, 0.09, 0.20, 0.44, 0.44, 0.44, 0.44, 0.44, 0.38, 0.38, 0.38, 0.38, 0.20, 0.36, 0.31, 0.49, 0.49, 0.46, 0.46, 0.39, 0.39, 0.29, 0.29, 0.29, 0.29, 0.20, 0.09, 0.13, 0.58, 0.60, 0.29, 0.29, 0.29, 0.16, 0.20, 0.36, 0.58, 0.60, 0.31, 0.31, 0.31, 0.46, 0.46, 0.29, 0.29, 0.29, 0.20, 0.20, 0.58, 0.58, 0.31, 0.18, 0.31, 0.31, 0.20, 0.20, 0.25, 0.31, 0.46, 0.46, 0.46, 0.46, 0.38, 0.38, 0.29, 0.29, 0.25, 0.46, 0.46, 0.46, 0.38, 0.38, 0.38, 0.65, 0.46, 0.46, 0.46, 0.34, 0.46, 0.46, 0.46, 0.29, 0.57, 0.49, 0.20, 0.38, 0.46, 0.46, 0.46, 0.20, 0.20, 0.38, 0.38, 0.65, 0.69, 0.70, 0.29, 0.29, 0.29, 0.38, 0.75, 0.40, 0.46, 0.46, 0.46, 0.46, 0.63, 0.87, 0.52, 0.87, 0.73, 0.52, 0.63, 0.65, 0.52, 0.49, 0.49, 0.52, 0.75, 0.65, 0.52, 0.52, 0.52, 0.52, 0.52, 0.49, 0.49, 0.45, 0.38, 0.55, 0.35, 0.55, 0.55, 0.55, 0.55, 0.55, 0.45, 0.55, 0.26, 0.45, 0.45, 0.45, 0.49, 0.49, 0.49, 0.35, 0.30, 0.34, 0.34, 0.25, 0.25, 0.35, 0.45, 0.24, 0.45, 0.24, 0.45, 0.24, 0.45, 0.35, 0.35, 0.53, 0.53, 0.35, 0.35, 0.53, 0.55, 0.35, 0.49, 0.49, 0.44, 0.44, 0.44, 0.44, 0.49, 0.55, 0.35, 0.38, 0.44, 0.44, 0.44, 0.44, 0.44, 0.44, 0.55, 0.38, 0.38, 0.49, 0.35, 0.55, 0.24, 0.38, 0.55, 0.45, 0.52, 0.55, 0.52, 0.52, 0.45, 0.49, 0.45, 0.45, 0.52, 0.52, 0.52, 0.55, 0.49, 0.45, 0.52, 0.52, 0.52, 0.52, 0.52, 0.52, 0.52, 0.52, 0.52, 0.52, 0.55, 0.45, 0.35, 0.52, 0.55, 0.35, 0.49, 0.55, 0.35, 0.49, 0.49, 0.52, 0.49, 0.52, 0.49, 0.52, 0.49, 0.49, 0.49, 0.55, 0.49, 0.49, 0.55, 0.49, 0.45, 0.45, 0.55, 0.55, 0.45, 0.45, 0.49, 0.55, 0.45, 0.44, 0.55, 0.44, 0.55, 0.55, 0.55, 0.55, 0.43, 0.43, 0.31, 0.31, 0.31, 0.31, 0.20, 0.20, 0.31, 0.31, 0.31, 0.20, 0.20, 0.20, 0.20, 0.31, 0.43)

  sly-closeup
  uSpec  metal   glossP mean[min..max]   class px   satPx |  n035    n050    n100   n050k
  0.098  0.00     7.20[6.53..8.03]     94278    2044 |   +1.5    +2.2    +4.7   +12.9
  0.549  0.00    39.97[35.64..41.16]      6107      82 |   +7.4   +11.2   +25.4   +24.4
  0.553  0.00    39.17[36.14..41.16]       159      10 |   +0.8    +1.4    +4.3    +4.4
  0.549  0.14    36.70[25.60..42.16]        96       3 |  +10.1   +15.2   +30.7   +33.5
  0.549  0.15    31.49[25.60..42.16]        44       3 |  +10.3   +16.2   +37.6   +40.3
  0.549  0.14    30.47[25.60..41.66]        66       2 |  +10.1   +15.1   +31.6   +34.3
  0.549  0.17    32.52[26.10..42.67]        48       1 |  +13.4   +20.9   +38.6   +41.2
  0.549  0.16    33.13[25.60..42.16]        42       1 |   +5.8    +8.5    -1.5    +0.3
  0.549  0.18    32.27[26.10..43.17]        42       1 |   +5.2    +0.1   +23.9   +29.3
  0.549  0.31    34.86[27.11..45.18]        35       1 |   -6.5    +4.1   +27.7   +29.4
  0.549  0.15    30.13[25.60..41.16]        33       1 |   +4.0    +8.3   +32.6   +34.4
  0.549  0.37    36.43[28.61..45.68]        31       1 |  +11.9   +17.3   +28.0   +28.2
  0.549  0.40    37.50[30.62..46.68]        28       1 |  +12.7   +18.3   +38.3   +42.2
  0.549  0.38    35.57[27.61..45.18]        28       1 |  +15.4   +22.0   +42.8   +43.7
  0.549  0.41    36.64[30.12..46.68]        21       1 |  +11.8   +17.2   +35.6   +39.4
  0.549  0.40    37.81[28.11..45.68]        21       1 |  +16.4   +24.1   +45.1   +44.2
  0.549  0.40    36.43[29.11..45.68]        21       1 |  +14.4   +20.8   +41.8   +43.7
  (+ 234 classes present but with no lobe-saturated pixel: uSpec 0.10, 0.14, 0.06, 0.08, 0.55, 0.06, 0.07, 0.09, 0.08, 0.55, 0.55, 0.55, 0.55, 0.55, 0.55, 0.55, 0.55, 0.55, 0.55, 0.55, 0.55, 0.55, 0.55, 0.55, 0.55, 0.55, 0.55, 0.55, 0.55, 0.55, 0.55, 0.55, 0.55, 0.55, 0.55, 0.55, 0.55, 0.55, 0.55, 0.55, 0.55, 0.55, 0.55, 0.55, 0.55, 0.55, 0.55, 0.55, 0.55, 0.55, 0.55, 0.55, 0.55, 0.55, 0.55, 0.55, 0.55, 0.55, 0.55, 0.55, 0.55, 0.55, 0.55, 0.55, 0.20, 0.55, 0.55, 0.55, 0.55, 0.55, 0.55, 0.55, 0.55, 0.55, 0.55, 0.55, 0.55, 0.55, 0.55, 0.55, 0.55, 0.55, 0.55, 0.55, 0.55, 0.55, 0.55, 0.55, 0.55, 0.55, 0.55, 0.55, 0.55, 0.55, 0.55, 0.55, 0.55, 0.55, 0.55, 0.55, 0.55, 0.55, 0.55, 0.55, 0.55, 0.55, 0.55, 0.55, 0.55, 0.55, 0.55, 0.55, 0.55, 0.55, 0.55, 0.55, 0.55, 0.55, 0.55, 0.55, 0.55, 0.55, 0.55, 0.55, 0.55, 0.55, 0.55, 0.55, 0.55, 0.55, 0.55, 0.55, 0.55, 0.55, 0.55, 0.55, 0.55, 0.55, 0.55, 0.55, 0.55, 0.55, 0.55, 0.55, 0.55, 0.55, 0.55, 0.55, 0.55, 0.55, 0.55, 0.55, 0.55, 0.55, 0.55, 0.55, 0.55, 0.55, 0.55, 0.55, 0.55, 0.55, 0.55, 0.55, 0.55, 0.55, 0.55, 0.55, 0.55, 0.55, 0.55, 0.55, 0.55, 0.55, 0.55, 0.24, 0.55, 0.55, 0.55, 0.55, 0.55, 0.55, 0.55, 0.55, 0.55, 0.55, 0.55, 0.55, 0.55, 0.55, 0.55, 0.55, 0.55, 0.55, 0.55, 0.55, 0.55, 0.55, 0.55, 0.55, 0.55, 0.13, 0.11, 0.55, 0.35, 0.20, 0.55, 0.55, 0.55, 0.55, 0.55, 0.55, 0.55, 0.55, 0.55, 0.29, 0.55, 0.12, 0.46, 0.45, 0.38, 0.55, 0.45, 0.45, 0.45, 0.45, 0.45, 0.35, 0.45, 0.45, 0.45, 0.45, 0.45, 0.24)

  interior
  uSpec  metal   glossP mean[min..max]   class px   satPx |  n035    n050    n100   n050k
  (+ 688 classes present but with no lobe-saturated pixel: uSpec 0.10, 0.42, 0.16, 0.60, 0.25, 0.55, 0.20, 0.90, 0.14, 0.55, 0.95, 0.95, 0.95, 0.90, 0.10, 0.60, 0.95, 0.90, 0.95, 0.95, 0.90, 0.95, 0.95, 0.90, 0.42, 0.90, 0.60, 0.90, 0.56, 0.47, 0.90, 0.55, 0.95, 0.90, 0.90, 0.90, 0.90, 0.55, 0.60, 0.18, 0.90, 0.26, 0.55, 0.90, 0.55, 0.34, 0.29, 0.38, 0.95, 0.15, 0.55, 0.55, 0.15, 0.60, 0.36, 0.22, 0.90, 0.73, 0.51, 0.55, 0.95, 0.31, 0.55, 0.36, 0.55, 0.95, 0.25, 0.55, 0.60, 0.95, 0.90, 0.90, 0.55, 0.16, 0.55, 0.21, 0.90, 0.18, 0.55, 0.95, 0.30, 0.55, 0.55, 0.55, 0.55, 0.55, 0.55, 0.90, 0.60, 0.90, 0.55, 0.90, 0.60, 0.90, 0.90, 0.90, 0.95, 0.55, 0.90, 0.55, 0.55, 0.90, 0.90, 0.55, 0.55, 0.55, 0.60, 0.55, 0.55, 0.60, 0.55, 0.90, 0.55, 0.55, 0.55, 0.55, 0.55, 0.55, 0.36, 0.90, 0.49, 0.95, 0.55, 0.55, 0.55, 0.73, 0.70, 0.55, 0.55, 0.55, 0.55, 0.55, 0.75, 0.60, 0.55, 0.55, 0.55, 0.55, 0.95, 0.55, 0.55, 0.55, 0.45, 0.55, 0.26, 0.55, 0.55, 0.55, 0.55, 0.55, 0.55, 0.11, 0.55, 0.55, 0.55, 0.55, 0.55, 0.55, 0.55, 0.55, 0.55, 0.55, 0.40, 0.55, 0.55, 0.55, 0.55, 0.55, 0.55, 0.55, 0.28, 0.55, 0.55, 0.52, 0.55, 0.55, 0.55, 0.55, 0.55, 0.13, 0.55, 0.55, 0.55, 0.55, 0.55, 0.55, 0.95, 0.69, 0.14, 0.60, 0.55, 0.55, 0.55, 0.50, 0.55, 0.55, 0.50, 0.55, 0.55, 0.55, 0.95, 0.55, 0.55, 0.55, 0.55, 0.55, 0.55, 0.55, 0.55, 0.55, 0.49, 0.55, 0.55, 0.55, 0.55, 0.55, 0.55, 0.55, 0.55, 0.55, 0.95, 0.55, 0.55, 0.55, 0.95, 0.13, 0.36, 0.55, 0.55, 0.55, 0.55, 0.55, 0.55, 0.38, 0.55, 0.55, 0.55, 0.55, 0.55, 0.55, 0.55, 0.35, 0.51, 0.66, 0.55, 0.55, 0.55, 0.55, 0.55, 0.55, 0.55, 0.55, 0.55, 0.55, 0.55, 0.45, 0.55, 0.55, 0.55, 0.55, 0.55, 0.55, 0.55, 0.55, 0.95, 0.55, 0.55, 0.55, 0.55, 0.55, 0.55, 0.55, 0.55, 0.38, 0.55, 0.55, 0.55, 0.55, 0.55, 0.55, 0.55, 0.55, 0.55, 0.73, 0.54, 0.55, 0.55, 0.55, 0.55, 0.55, 0.55, 0.55, 0.55, 0.55, 0.55, 0.55, 0.55, 0.55, 0.55, 0.26, 0.55, 0.55, 0.55, 0.55, 0.55, 0.55, 0.55, 0.55, 0.73, 0.95, 0.95, 0.55, 0.55, 0.55, 0.55, 0.55, 0.38, 0.95, 0.23, 0.55, 0.55, 0.55, 0.55, 0.55, 0.55, 0.55, 0.95, 0.45, 0.55, 0.55, 0.55, 0.55, 0.55, 0.55, 0.55, 0.55, 0.39, 0.24, 0.55, 0.55, 0.55, 0.55, 0.55, 0.55, 0.55, 0.50, 0.55, 0.76, 0.78, 0.60, 0.60, 0.55, 0.55, 0.55, 0.73, 0.38, 0.73, 0.95, 0.95, 0.60, 0.60, 0.56, 0.55, 0.73, 0.51, 0.60, 0.60, 0.60, 0.29, 0.38, 0.58, 0.60, 0.45, 0.55, 0.19, 0.27, 0.36, 0.58, 0.60, 0.60, 0.56, 0.55, 0.55, 0.73, 0.73, 0.38, 0.73, 0.49, 0.38, 0.75, 0.58, 0.39, 0.60, 0.95, 0.26, 0.41, 0.29, 0.60, 0.60, 0.26, 0.73, 0.58, 0.60, 0.60, 0.60, 0.60, 0.36, 0.51, 0.55, 0.45, 0.55, 0.17, 0.55, 0.22, 0.73, 0.73, 0.81, 0.47, 0.65, 0.65, 0.65, 0.45, 0.26, 0.78, 0.21, 0.50, 0.60, 0.60, 0.36, 0.36, 0.55, 0.55, 0.73, 0.73, 0.38, 0.73, 0.73, 0.64, 0.45, 0.73, 0.36, 0.38, 0.85, 0.76, 0.85, 0.26, 0.33, 0.74, 0.60, 0.60, 0.60, 0.60, 0.60, 0.60, 0.60, 0.60, 0.55, 0.55, 0.55, 0.55, 0.55, 0.26, 0.55, 0.55, 0.55, 0.38, 0.36, 0.29, 0.75, 0.85, 0.39, 0.58, 0.94, 0.76, 0.58, 0.76, 0.36, 0.60, 0.95, 0.51, 0.60, 0.26, 0.45, 0.21, 0.70, 0.60, 0.60, 0.60, 0.60, 0.60, 0.60, 0.60, 0.60, 0.60, 0.36, 0.60, 0.56, 0.45, 0.55, 0.55, 0.55, 0.55, 0.55, 0.55, 0.55, 0.55, 0.55, 0.36, 0.55, 0.55, 0.55, 0.55, 0.55, 0.55, 0.55, 0.26, 0.55, 0.55, 0.73, 0.56, 0.47, 0.56, 0.56, 0.65, 0.75, 0.75, 0.75, 0.85, 0.91, 0.85, 0.85, 0.76, 0.60, 0.39, 0.26, 0.56, 0.95, 0.51, 0.56, 0.36, 0.45, 0.36, 0.45, 0.45, 0.45, 0.36, 0.23, 0.50, 0.33, 0.10, 0.60, 0.60, 0.45, 0.36, 0.45, 0.36, 0.36, 0.55, 0.55, 0.55, 0.55, 0.55, 0.55, 0.55, 0.55, 0.55, 0.55, 0.55, 0.55, 0.45, 0.55, 0.55, 0.45, 0.36, 0.55, 0.55, 0.26, 0.55, 0.26, 0.55, 0.26, 0.55, 0.55, 0.55, 0.55, 0.55, 0.55, 0.45, 0.45, 0.55, 0.55, 0.55, 0.55, 0.55, 0.55, 0.55, 0.55, 0.55, 0.55, 0.55, 0.55, 0.55, 0.55, 0.46, 0.46, 0.73, 0.81, 0.36, 0.50, 0.49, 0.39, 0.73, 0.49, 0.47, 0.56, 0.51, 0.47, 0.60, 0.47, 0.60, 0.60, 0.56, 0.47, 0.56, 0.65, 0.75, 0.85, 0.75, 0.65, 0.91, 0.65, 0.75, 0.75, 0.45, 0.94, 0.94, 0.85, 0.45, 0.76, 0.85, 0.22, 0.76, 0.85, 0.75, 0.36, 0.76, 0.75, 0.75, 0.75, 0.56, 0.95, 0.95, 0.51, 0.85, 0.95, 0.95, 0.95, 0.95, 0.65, 0.65, 0.65, 0.45, 0.45, 0.95, 0.45, 0.45, 0.36, 0.18, 0.52, 0.54, 0.66, 0.52, 0.44, 0.33, 0.44, 0.78, 0.54, 0.78, 0.33, 0.74, 0.70, 0.70, 0.66, 0.74, 0.54, 0.70, 0.30, 0.70)
